100 9900
0 1 4
0 2 4
0 3 5
0 4 6
0 5 8
0 6 2
0 7 5
0 8 7
0 9 4
0 10 6
0 11 9
0 12 9
0 13 3
0 14 5
0 15 1
0 16 4
0 17 1
0 18 8
0 19 4
0 20 10
0 21 5
0 22 9
0 23 7
0 24 4
0 25 3
0 26 1
0 27 5
0 28 8
0 29 8
0 30 6
0 31 10
0 32 7
0 33 3
0 34 2
0 35 5
0 36 7
0 37 7
0 38 10
0 39 1
0 40 6
0 41 5
0 42 3
0 43 7
0 44 6
0 45 1
0 46 5
0 47 3
0 48 8
0 49 5
0 50 5
0 51 2
0 52 6
0 53 8
0 54 3
0 55 8
0 56 2
0 57 1
0 58 5
0 59 8
0 60 2
0 61 7
0 62 2
0 63 5
0 64 10
0 65 4
0 66 5
0 67 2
0 68 9
0 69 8
0 70 8
0 71 7
0 72 6
0 73 9
0 74 6
0 75 5
0 76 10
0 77 3
0 78 1
0 79 5
0 80 4
0 81 5
0 82 8
0 83 5
0 84 10
0 85 7
0 86 2
0 87 7
0 88 5
0 89 8
0 90 3
0 91 4
0 92 10
0 93 10
0 94 4
0 95 6
0 96 9
0 97 8
0 98 2
0 99 9
1 0 3
1 2 9
1 3 6
1 4 2
1 5 5
1 6 9
1 7 4
1 8 3
1 9 3
1 10 2
1 11 9
1 12 9
1 13 7
1 14 1
1 15 5
1 16 6
1 17 4
1 18 2
1 19 3
1 20 2
1 21 8
1 22 9
1 23 4
1 24 9
1 25 10
1 26 8
1 27 9
1 28 10
1 29 1
1 30 8
1 31 6
1 32 9
1 33 1
1 34 1
1 35 4
1 36 6
1 37 1
1 38 7
1 39 5
1 40 5
1 41 6
1 42 9
1 43 1
1 44 2
1 45 6
1 46 1
1 47 9
1 48 5
1 49 4
1 50 6
1 51 10
1 52 6
1 53 4
1 54 5
1 55 2
1 56 5
1 57 8
1 58 5
1 59 10
1 60 2
1 61 5
1 62 2
1 63 4
1 64 10
1 65 5
1 66 2
1 67 3
1 68 7
1 69 6
1 70 3
1 71 2
1 72 6
1 73 7
1 74 6
1 75 5
1 76 5
1 77 10
1 78 8
1 79 3
1 80 8
1 81 10
1 82 9
1 83 9
1 84 6
1 85 4
1 86 2
1 87 8
1 88 7
1 89 4
1 90 1
1 91 4
1 92 10
1 93 1
1 94 1
1 95 5
1 96 6
1 97 8
1 98 6
1 99 10
2 0 7
2 1 5
2 3 3
2 4 7
2 5 7
2 6 6
2 7 2
2 8 3
2 9 4
2 10 8
2 11 3
2 12 1
2 13 3
2 14 10
2 15 2
2 16 6
2 17 6
2 18 8
2 19 4
2 20 9
2 21 5
2 22 5
2 23 10
2 24 3
2 25 9
2 26 4
2 27 3
2 28 4
2 29 9
2 30 6
2 31 3
2 32 6
2 33 7
2 34 7
2 35 6
2 36 8
2 37 4
2 38 6
2 39 3
2 40 8
2 41 5
2 42 9
2 43 4
2 44 3
2 45 10
2 46 9
2 47 4
2 48 8
2 49 8
2 50 8
2 51 7
2 52 3
2 53 3
2 54 7
2 55 7
2 56 2
2 57 1
2 58 6
2 59 1
2 60 4
2 61 3
2 62 8
2 63 8
2 64 9
2 65 6
2 66 4
2 67 6
2 68 5
2 69 6
2 70 7
2 71 3
2 72 2
2 73 10
2 74 2
2 75 9
2 76 3
2 77 2
2 78 1
2 79 7
2 80 4
2 81 1
2 82 8
2 83 7
2 84 3
2 85 6
2 86 9
2 87 5
2 88 9
2 89 2
2 90 5
2 91 1
2 92 5
2 93 10
2 94 6
2 95 8
2 96 8
2 97 5
2 98 7
2 99 3
3 0 5
3 1 10
3 2 10
3 4 9
3 5 10
3 6 8
3 7 5
3 8 8
3 9 3
3 10 10
3 11 2
3 12 7
3 13 1
3 14 7
3 15 6
3 16 2
3 17 1
3 18 1
3 19 10
3 20 4
3 21 3
3 22 1
3 23 9
3 24 9
3 25 2
3 26 2
3 27 5
3 28 5
3 29 10
3 30 8
3 31 4
3 32 7
3 33 9
3 34 2
3 35 2
3 36 7
3 37 1
3 38 7
3 39 3
3 40 4
3 41 6
3 42 9
3 43 6
3 44 2
3 45 3
3 46 4
3 47 10
3 48 9
3 49 6
3 50 3
3 51 6
3 52 2
3 53 7
3 54 10
3 55 2
3 56 5
3 57 1
3 58 7
3 59 5
3 60 6
3 61 6
3 62 2
3 63 9
3 64 9
3 65 7
3 66 1
3 67 6
3 68 10
3 69 9
3 70 6
3 71 5
3 72 4
3 73 3
3 74 6
3 75 10
3 76 7
3 77 4
3 78 2
3 79 3
3 80 1
3 81 10
3 82 10
3 83 5
3 84 7
3 85 9
3 86 8
3 87 1
3 88 3
3 89 2
3 90 10
3 91 10
3 92 6
3 93 3
3 94 6
3 95 4
3 96 4
3 97 5
3 98 5
3 99 5
4 0 6
4 1 7
4 2 8
4 3 3
4 5 3
4 6 1
4 7 8
4 8 1
4 9 10
4 10 2
4 11 5
4 12 6
4 13 4
4 14 7
4 15 9
4 16 3
4 17 3
4 18 2
4 19 4
4 20 10
4 21 3
4 22 3
4 23 5
4 24 2
4 25 7
4 26 1
4 27 10
4 28 3
4 29 5
4 30 1
4 31 8
4 32 5
4 33 8
4 34 2
4 35 10
4 36 6
4 37 5
4 38 9
4 39 3
4 40 5
4 41 10
4 42 8
4 43 4
4 44 3
4 45 9
4 46 5
4 47 2
4 48 8
4 49 1
4 50 6
4 51 5
4 52 2
4 53 10
4 54 8
4 55 4
4 56 9
4 57 2
4 58 9
4 59 7
4 60 10
4 61 6
4 62 10
4 63 6
4 64 2
4 65 7
4 66 2
4 67 2
4 68 5
4 69 7
4 70 3
4 71 3
4 72 9
4 73 2
4 74 9
4 75 10
4 76 6
4 77 1
4 78 1
4 79 2
4 80 8
4 81 8
4 82 1
4 83 9
4 84 3
4 85 8
4 86 6
4 87 10
4 88 6
4 89 9
4 90 6
4 91 9
4 92 2
4 93 4
4 94 3
4 95 5
4 96 2
4 97 6
4 98 3
4 99 8
5 0 9
5 1 10
5 2 1
5 3 10
5 4 10
5 6 9
5 7 4
5 8 10
5 9 5
5 10 5
5 11 10
5 12 1
5 13 9
5 14 8
5 15 1
5 16 3
5 17 7
5 18 2
5 19 2
5 20 8
5 21 1
5 22 4
5 23 3
5 24 1
5 25 1
5 26 1
5 27 8
5 28 6
5 29 4
5 30 1
5 31 3
5 32 9
5 33 6
5 34 6
5 35 1
5 36 6
5 37 7
5 38 10
5 39 7
5 40 3
5 41 1
5 42 7
5 43 7
5 44 7
5 45 6
5 46 6
5 47 4
5 48 4
5 49 1
5 50 7
5 51 7
5 52 8
5 53 2
5 54 10
5 55 4
5 56 1
5 57 10
5 58 8
5 59 6
5 60 9
5 61 4
5 62 10
5 63 4
5 64 2
5 65 5
5 66 9
5 67 3
5 68 1
5 69 2
5 70 9
5 71 3
5 72 9
5 73 9
5 74 9
5 75 2
5 76 9
5 77 3
5 78 3
5 79 1
5 80 8
5 81 2
5 82 8
5 83 3
5 84 10
5 85 2
5 86 3
5 87 9
5 88 5
5 89 1
5 90 7
5 91 4
5 92 1
5 93 4
5 94 9
5 95 8
5 96 8
5 97 4
5 98 3
5 99 1
6 0 1
6 1 9
6 2 1
6 3 3
6 4 5
6 5 5
6 7 9
6 8 7
6 9 4
6 10 3
6 11 6
6 12 5
6 13 7
6 14 8
6 15 9
6 16 1
6 17 1
6 18 10
6 19 9
6 20 9
6 21 5
6 22 5
6 23 7
6 24 8
6 25 3
6 26 9
6 27 8
6 28 5
6 29 6
6 30 2
6 31 1
6 32 3
6 33 2
6 34 5
6 35 10
6 36 1
6 37 9
6 38 3
6 39 4
6 40 9
6 41 4
6 42 1
6 43 2
6 44 1
6 45 6
6 46 7
6 47 9
6 48 10
6 49 9
6 50 2
6 51 3
6 52 8
6 53 3
6 54 5
6 55 10
6 56 4
6 57 1
6 58 4
6 59 2
6 60 8
6 61 8
6 62 5
6 63 8
6 64 8
6 65 7
6 66 4
6 67 7
6 68 2
6 69 9
6 70 1
6 71 6
6 72 4
6 73 2
6 74 1
6 75 8
6 76 3
6 77 3
6 78 4
6 79 3
6 80 8
6 81 8
6 82 4
6 83 5
6 84 4
6 85 4
6 86 7
6 87 2
6 88 5
6 89 10
6 90 7
6 91 7
6 92 7
6 93 1
6 94 9
6 95 8
6 96 6
6 97 8
6 98 2
6 99 10
7 0 3
7 1 1
7 2 1
7 3 1
7 4 3
7 5 4
7 6 3
7 8 1
7 9 1
7 10 6
7 11 3
7 12 6
7 13 5
7 14 7
7 15 9
7 16 2
7 17 2
7 18 9
7 19 2
7 20 10
7 21 10
7 22 3
7 23 3
7 24 5
7 25 8
7 26 5
7 27 5
7 28 9
7 29 1
7 30 7
7 31 1
7 32 10
7 33 2
7 34 3
7 35 8
7 36 1
7 37 9
7 38 6
7 39 6
7 40 7
7 41 9
7 42 8
7 43 2
7 44 1
7 45 5
7 46 6
7 47 1
7 48 9
7 49 7
7 50 9
7 51 4
7 52 2
7 53 4
7 54 6
7 55 4
7 56 9
7 57 1
7 58 3
7 59 1
7 60 4
7 61 4
7 62 6
7 63 5
7 64 3
7 65 7
7 66 10
7 67 7
7 68 9
7 69 8
7 70 7
7 71 4
7 72 8
7 73 6
7 74 5
7 75 4
7 76 10
7 77 5
7 78 7
7 79 5
7 80 9
7 81 1
7 82 10
7 83 7
7 84 4
7 85 2
7 86 3
7 87 7
7 88 1
7 89 9
7 90 2
7 91 5
7 92 1
7 93 6
7 94 4
7 95 1
7 96 4
7 97 4
7 98 10
7 99 9
8 0 10
8 1 5
8 2 8
8 3 6
8 4 10
8 5 5
8 6 4
8 7 6
8 9 10
8 10 9
8 11 9
8 12 9
8 13 6
8 14 10
8 15 2
8 16 4
8 17 6
8 18 10
8 19 10
8 20 4
8 21 4
8 22 10
8 23 3
8 24 9
8 25 5
8 26 5
8 27 9
8 28 1
8 29 10
8 30 7
8 31 5
8 32 3
8 33 4
8 34 2
8 35 3
8 36 4
8 37 9
8 38 7
8 39 7
8 40 9
8 41 6
8 42 9
8 43 5
8 44 1
8 45 10
8 46 10
8 47 9
8 48 9
8 49 1
8 50 4
8 51 6
8 52 8
8 53 5
8 54 5
8 55 10
8 56 8
8 57 8
8 58 2
8 59 8
8 60 5
8 61 8
8 62 3
8 63 7
8 64 8
8 65 1
8 66 4
8 67 6
8 68 8
8 69 8
8 70 6
8 71 1
8 72 6
8 73 4
8 74 4
8 75 5
8 76 10
8 77 8
8 78 2
8 79 8
8 80 3
8 81 10
8 82 2
8 83 10
8 84 7
8 85 2
8 86 10
8 87 10
8 88 4
8 89 6
8 90 10
8 91 8
8 92 9
8 93 4
8 94 9
8 95 2
8 96 10
8 97 8
8 98 10
8 99 7
9 0 7
9 1 3
9 2 4
9 3 10
9 4 10
9 5 6
9 6 4
9 7 4
9 8 1
9 10 7
9 11 6
9 12 3
9 13 1
9 14 1
9 15 7
9 16 4
9 17 4
9 18 3
9 19 5
9 20 7
9 21 6
9 22 8
9 23 9
9 24 10
9 25 4
9 26 6
9 27 7
9 28 4
9 29 5
9 30 2
9 31 1
9 32 7
9 33 9
9 34 9
9 35 8
9 36 4
9 37 4
9 38 8
9 39 6
9 40 2
9 41 4
9 42 6
9 43 4
9 44 8
9 45 7
9 46 3
9 47 4
9 48 2
9 49 1
9 50 1
9 51 7
9 52 9
9 53 3
9 54 3
9 55 7
9 56 1
9 57 10
9 58 5
9 59 6
9 60 10
9 61 7
9 62 8
9 63 5
9 64 5
9 65 6
9 66 2
9 67 8
9 68 5
9 69 6
9 70 5
9 71 1
9 72 7
9 73 3
9 74 1
9 75 5
9 76 10
9 77 5
9 78 7
9 79 5
9 80 1
9 81 9
9 82 9
9 83 4
9 84 2
9 85 10
9 86 7
9 87 1
9 88 2
9 89 1
9 90 10
9 91 10
9 92 5
9 93 6
9 94 8
9 95 4
9 96 3
9 97 4
9 98 10
9 99 7
10 0 1
10 1 6
10 2 9
10 3 2
10 4 1
10 5 4
10 6 3
10 7 7
10 8 9
10 9 8
10 11 7
10 12 10
10 13 8
10 14 10
10 15 2
10 16 6
10 17 1
10 18 3
10 19 1
10 20 7
10 21 2
10 22 5
10 23 9
10 24 6
10 25 4
10 26 1
10 27 7
10 28 8
10 29 10
10 30 3
10 31 5
10 32 1
10 33 1
10 34 10
10 35 4
10 36 8
10 37 9
10 38 6
10 39 10
10 40 5
10 41 1
10 42 6
10 43 3
10 44 10
10 45 10
10 46 3
10 47 5
10 48 9
10 49 7
10 50 8
10 51 5
10 52 8
10 53 4
10 54 2
10 55 3
10 56 8
10 57 1
10 58 5
10 59 10
10 60 5
10 61 7
10 62 4
10 63 10
10 64 3
10 65 5
10 66 7
10 67 1
10 68 2
10 69 9
10 70 10
10 71 5
10 72 4
10 73 2
10 74 3
10 75 3
10 76 10
10 77 2
10 78 3
10 79 9
10 80 7
10 81 2
10 82 5
10 83 9
10 84 8
10 85 6
10 86 5
10 87 1
10 88 5
10 89 4
10 90 6
10 91 8
10 92 2
10 93 9
10 94 9
10 95 10
10 96 5
10 97 1
10 98 8
10 99 2
11 0 8
11 1 2
11 2 8
11 3 2
11 4 7
11 5 9
11 6 10
11 7 6
11 8 5
11 9 9
11 10 3
11 12 7
11 13 9
11 14 4
11 15 8
11 16 8
11 17 2
11 18 5
11 19 5
11 20 1
11 21 10
11 22 1
11 23 5
11 24 6
11 25 3
11 26 9
11 27 2
11 28 8
11 29 2
11 30 1
11 31 2
11 32 4
11 33 8
11 34 1
11 35 5
11 36 2
11 37 9
11 38 6
11 39 3
11 40 2
11 41 6
11 42 9
11 43 9
11 44 1
11 45 9
11 46 1
11 47 3
11 48 1
11 49 5
11 50 9
11 51 2
11 52 1
11 53 2
11 54 8
11 55 3
11 56 1
11 57 1
11 58 9
11 59 10
11 60 2
11 61 9
11 62 10
11 63 5
11 64 2
11 65 7
11 66 8
11 67 2
11 68 9
11 69 9
11 70 6
11 71 7
11 72 9
11 73 7
11 74 8
11 75 7
11 76 7
11 77 2
11 78 3
11 79 1
11 80 4
11 81 8
11 82 2
11 83 1
11 84 8
11 85 10
11 86 5
11 87 3
11 88 4
11 89 3
11 90 10
11 91 3
11 92 8
11 93 5
11 94 4
11 95 2
11 96 3
11 97 2
11 98 4
11 99 2
12 0 7
12 1 4
12 2 9
12 3 8
12 4 5
12 5 9
12 6 5
12 7 10
12 8 2
12 9 6
12 10 8
12 11 3
12 13 10
12 14 10
12 15 8
12 16 4
12 17 9
12 18 1
12 19 7
12 20 4
12 21 2
12 22 6
12 23 1
12 24 7
12 25 1
12 26 9
12 27 9
12 28 7
12 29 9
12 30 2
12 31 6
12 32 2
12 33 2
12 34 8
12 35 9
12 36 1
12 37 1
12 38 2
12 39 2
12 40 8
12 41 5
12 42 3
12 43 9
12 44 10
12 45 9
12 46 10
12 47 4
12 48 9
12 49 7
12 50 9
12 51 5
12 52 2
12 53 6
12 54 6
12 55 10
12 56 8
12 57 2
12 58 10
12 59 9
12 60 3
12 61 10
12 62 9
12 63 2
12 64 3
12 65 10
12 66 6
12 67 6
12 68 4
12 69 1
12 70 10
12 71 1
12 72 6
12 73 4
12 74 4
12 75 3
12 76 6
12 77 10
12 78 4
12 79 5
12 80 10
12 81 6
12 82 8
12 83 3
12 84 9
12 85 1
12 86 2
12 87 5
12 88 9
12 89 6
12 90 5
12 91 2
12 92 3
12 93 4
12 94 9
12 95 6
12 96 8
12 97 10
12 98 10
12 99 4
13 0 5
13 1 9
13 2 4
13 3 4
13 4 8
13 5 7
13 6 1
13 7 8
13 8 3
13 9 7
13 10 4
13 11 5
13 12 4
13 14 10
13 15 1
13 16 5
13 17 5
13 18 4
13 19 2
13 20 9
13 21 6
13 22 4
13 23 5
13 24 2
13 25 8
13 26 8
13 27 6
13 28 10
13 29 2
13 30 7
13 31 5
13 32 9
13 33 5
13 34 8
13 35 2
13 36 8
13 37 9
13 38 10
13 39 2
13 40 7
13 41 4
13 42 8
13 43 3
13 44 1
13 45 8
13 46 1
13 47 7
13 48 3
13 49 9
13 50 7
13 51 6
13 52 9
13 53 6
13 54 1
13 55 5
13 56 5
13 57 10
13 58 5
13 59 8
13 60 8
13 61 4
13 62 9
13 63 9
13 64 1
13 65 3
13 66 5
13 67 10
13 68 7
13 69 8
13 70 6
13 71 10
13 72 2
13 73 6
13 74 9
13 75 8
13 76 7
13 77 10
13 78 10
13 79 5
13 80 5
13 81 7
13 82 2
13 83 4
13 84 4
13 85 8
13 86 9
13 87 9
13 88 7
13 89 4
13 90 1
13 91 10
13 92 3
13 93 9
13 94 9
13 95 6
13 96 4
13 97 7
13 98 4
13 99 3
14 0 5
14 1 7
14 2 9
14 3 8
14 4 6
14 5 4
14 6 2
14 7 1
14 8 8
14 9 1
14 10 7
14 11 5
14 12 8
14 13 9
14 15 3
14 16 3
14 17 6
14 18 8
14 19 2
14 20 10
14 21 4
14 22 3
14 23 6
14 24 1
14 25 1
14 26 2
14 27 4
14 28 8
14 29 8
14 30 8
14 31 4
14 32 9
14 33 9
14 34 7
14 35 10
14 36 3
14 37 3
14 38 9
14 39 3
14 40 5
14 41 3
14 42 3
14 43 1
14 44 5
14 45 10
14 46 7
14 47 8
14 48 4
14 49 6
14 50 4
14 51 5
14 52 8
14 53 10
14 54 9
14 55 2
14 56 5
14 57 7
14 58 1
14 59 1
14 60 2
14 61 4
14 62 7
14 63 7
14 64 2
14 65 9
14 66 7
14 67 7
14 68 5
14 69 5
14 70 2
14 71 8
14 72 2
14 73 6
14 74 6
14 75 4
14 76 3
14 77 4
14 78 10
14 79 2
14 80 10
14 81 7
14 82 5
14 83 7
14 84 7
14 85 2
14 86 3
14 87 2
14 88 9
14 89 8
14 90 4
14 91 2
14 92 8
14 93 6
14 94 4
14 95 7
14 96 10
14 97 1
14 98 2
14 99 7
15 0 5
15 1 10
15 2 9
15 3 3
15 4 6
15 5 5
15 6 2
15 7 9
15 8 9
15 9 10
15 10 5
15 11 5
15 12 10
15 13 7
15 14 7
15 16 10
15 17 7
15 18 7
15 19 1
15 20 4
15 21 2
15 22 3
15 23 7
15 24 3
15 25 5
15 26 7
15 27 2
15 28 5
15 29 8
15 30 5
15 31 6
15 32 10
15 33 4
15 34 10
15 35 9
15 36 10
15 37 9
15 38 1
15 39 10
15 40 4
15 41 3
15 42 10
15 43 4
15 44 5
15 45 2
15 46 9
15 47 9
15 48 10
15 49 4
15 50 10
15 51 1
15 52 6
15 53 8
15 54 6
15 55 6
15 56 8
15 57 3
15 58 10
15 59 2
15 60 7
15 61 10
15 62 5
15 63 4
15 64 6
15 65 10
15 66 8
15 67 8
15 68 3
15 69 7
15 70 9
15 71 9
15 72 5
15 73 10
15 74 3
15 75 9
15 76 3
15 77 8
15 78 9
15 79 9
15 80 3
15 81 4
15 82 7
15 83 8
15 84 10
15 85 9
15 86 6
15 87 3
15 88 2
15 89 8
15 90 9
15 91 3
15 92 1
15 93 4
15 94 6
15 95 9
15 96 9
15 97 3
15 98 5
15 99 10
16 0 2
16 1 6
16 2 10
16 3 1
16 4 2
16 5 5
16 6 9
16 7 9
16 8 10
16 9 3
16 10 6
16 11 10
16 12 7
16 13 1
16 14 6
16 15 5
16 17 7
16 18 9
16 19 2
16 20 9
16 21 7
16 22 2
16 23 10
16 24 10
16 25 7
16 26 1
16 27 7
16 28 9
16 29 1
16 30 5
16 31 1
16 32 4
16 33 3
16 34 10
16 35 3
16 36 8
16 37 10
16 38 3
16 39 9
16 40 3
16 41 10
16 42 2
16 43 7
16 44 2
16 45 4
16 46 10
16 47 4
16 48 5
16 49 8
16 50 5
16 51 10
16 52 4
16 53 9
16 54 3
16 55 5
16 56 6
16 57 7
16 58 10
16 59 8
16 60 2
16 61 3
16 62 9
16 63 2
16 64 4
16 65 2
16 66 7
16 67 2
16 68 2
16 69 2
16 70 5
16 71 5
16 72 6
16 73 2
16 74 3
16 75 8
16 76 6
16 77 5
16 78 4
16 79 8
16 80 3
16 81 4
16 82 8
16 83 9
16 84 7
16 85 9
16 86 4
16 87 9
16 88 9
16 89 8
16 90 9
16 91 10
16 92 8
16 93 4
16 94 10
16 95 6
16 96 6
16 97 3
16 98 4
16 99 8
17 0 1
17 1 3
17 2 2
17 3 3
17 4 3
17 5 9
17 6 1
17 7 8
17 8 1
17 9 7
17 10 5
17 11 1
17 12 6
17 13 3
17 14 4
17 15 8
17 16 3
17 18 4
17 19 5
17 20 10
17 21 9
17 22 5
17 23 2
17 24 1
17 25 7
17 26 8
17 27 2
17 28 2
17 29 2
17 30 9
17 31 6
17 32 1
17 33 1
17 34 2
17 35 6
17 36 10
17 37 1
17 38 3
17 39 10
17 40 4
17 41 6
17 42 5
17 43 8
17 44 8
17 45 6
17 46 9
17 47 10
17 48 3
17 49 6
17 50 10
17 51 9
17 52 3
17 53 5
17 54 2
17 55 3
17 56 7
17 57 5
17 58 9
17 59 6
17 60 6
17 61 7
17 62 5
17 63 9
17 64 6
17 65 8
17 66 6
17 67 1
17 68 10
17 69 4
17 70 4
17 71 4
17 72 8
17 73 2
17 74 8
17 75 9
17 76 1
17 77 2
17 78 1
17 79 9
17 80 2
17 81 9
17 82 5
17 83 6
17 84 6
17 85 1
17 86 4
17 87 10
17 88 2
17 89 8
17 90 5
17 91 1
17 92 5
17 93 5
17 94 10
17 95 6
17 96 10
17 97 4
17 98 4
17 99 6
18 0 4
18 1 9
18 2 5
18 3 6
18 4 4
18 5 5
18 6 3
18 7 3
18 8 9
18 9 2
18 10 8
18 11 10
18 12 6
18 13 2
18 14 10
18 15 2
18 16 5
18 17 7
18 19 10
18 20 9
18 21 9
18 22 2
18 23 5
18 24 10
18 25 7
18 26 1
18 27 5
18 28 7
18 29 2
18 30 5
18 31 9
18 32 4
18 33 6
18 34 5
18 35 1
18 36 8
18 37 8
18 38 3
18 39 10
18 40 4
18 41 9
18 42 3
18 43 5
18 44 10
18 45 9
18 46 3
18 47 4
18 48 10
18 49 1
18 50 5
18 51 2
18 52 10
18 53 9
18 54 7
18 55 10
18 56 6
18 57 3
18 58 5
18 59 9
18 60 8
18 61 5
18 62 9
18 63 8
18 64 3
18 65 2
18 66 7
18 67 9
18 68 4
18 69 2
18 70 1
18 71 8
18 72 2
18 73 10
18 74 5
18 75 7
18 76 6
18 77 5
18 78 9
18 79 3
18 80 7
18 81 7
18 82 7
18 83 1
18 84 10
18 85 6
18 86 3
18 87 3
18 88 5
18 89 5
18 90 4
18 91 10
18 92 5
18 93 9
18 94 7
18 95 4
18 96 4
18 97 4
18 98 8
18 99 6
19 0 9
19 1 8
19 2 8
19 3 1
19 4 2
19 5 6
19 6 8
19 7 7
19 8 4
19 9 5
19 10 7
19 11 8
19 12 5
19 13 1
19 14 3
19 15 3
19 16 9
19 17 4
19 18 5
19 20 4
19 21 4
19 22 4
19 23 2
19 24 1
19 25 3
19 26 2
19 27 2
19 28 7
19 29 2
19 30 5
19 31 2
19 32 1
19 33 8
19 34 5
19 35 3
19 36 3
19 37 4
19 38 10
19 39 10
19 40 6
19 41 5
19 42 3
19 43 5
19 44 9
19 45 9
19 46 9
19 47 5
19 48 6
19 49 2
19 50 9
19 51 7
19 52 9
19 53 4
19 54 8
19 55 10
19 56 5
19 57 7
19 58 10
19 59 8
19 60 5
19 61 2
19 62 10
19 63 4
19 64 2
19 65 8
19 66 4
19 67 8
19 68 9
19 69 2
19 70 2
19 71 5
19 72 10
19 73 9
19 74 3
19 75 6
19 76 2
19 77 9
19 78 3
19 79 2
19 80 7
19 81 1
19 82 4
19 83 7
19 84 1
19 85 6
19 86 6
19 87 9
19 88 2
19 89 8
19 90 6
19 91 10
19 92 10
19 93 10
19 94 6
19 95 2
19 96 2
19 97 2
19 98 9
19 99 1
20 0 4
20 1 2
20 2 5
20 3 5
20 4 6
20 5 4
20 6 5
20 7 6
20 8 1
20 9 9
20 10 5
20 11 3
20 12 8
20 13 2
20 14 8
20 15 3
20 16 7
20 17 2
20 18 10
20 19 5
20 21 1
20 22 2
20 23 1
20 24 1
20 25 1
20 26 8
20 27 5
20 28 3
20 29 6
20 30 10
20 31 7
20 32 1
20 33 2
20 34 4
20 35 2
20 36 6
20 37 10
20 38 2
20 39 4
20 40 7
20 41 9
20 42 8
20 43 1
20 44 4
20 45 4
20 46 5
20 47 7
20 48 1
20 49 1
20 50 9
20 51 1
20 52 6
20 53 10
20 54 2
20 55 3
20 56 6
20 57 1
20 58 1
20 59 4
20 60 10
20 61 8
20 62 9
20 63 2
20 64 8
20 65 3
20 66 5
20 67 4
20 68 3
20 69 7
20 70 8
20 71 4
20 72 4
20 73 9
20 74 5
20 75 8
20 76 9
20 77 5
20 78 1
20 79 6
20 80 10
20 81 2
20 82 2
20 83 5
20 84 10
20 85 5
20 86 9
20 87 9
20 88 7
20 89 6
20 90 3
20 91 6
20 92 7
20 93 5
20 94 6
20 95 6
20 96 2
20 97 2
20 98 4
20 99 4
21 0 10
21 1 4
21 2 1
21 3 7
21 4 2
21 5 9
21 6 1
21 7 9
21 8 9
21 9 7
21 10 4
21 11 2
21 12 5
21 13 8
21 14 1
21 15 5
21 16 8
21 17 2
21 18 2
21 19 1
21 20 6
21 22 6
21 23 7
21 24 10
21 25 7
21 26 8
21 27 5
21 28 3
21 29 8
21 30 4
21 31 3
21 32 4
21 33 1
21 34 1
21 35 8
21 36 5
21 37 5
21 38 10
21 39 1
21 40 1
21 41 1
21 42 8
21 43 7
21 44 3
21 45 1
21 46 1
21 47 6
21 48 5
21 49 8
21 50 2
21 51 4
21 52 9
21 53 1
21 54 8
21 55 9
21 56 10
21 57 4
21 58 5
21 59 1
21 60 7
21 61 4
21 62 3
21 63 9
21 64 5
21 65 1
21 66 8
21 67 10
21 68 2
21 69 6
21 70 6
21 71 4
21 72 9
21 73 3
21 74 10
21 75 9
21 76 10
21 77 8
21 78 2
21 79 7
21 80 5
21 81 7
21 82 7
21 83 5
21 84 5
21 85 10
21 86 9
21 87 1
21 88 1
21 89 9
21 90 9
21 91 3
21 92 10
21 93 3
21 94 2
21 95 9
21 96 2
21 97 5
21 98 1
21 99 7
22 0 2
22 1 2
22 2 3
22 3 1
22 4 8
22 5 9
22 6 5
22 7 1
22 8 1
22 9 8
22 10 8
22 11 8
22 12 9
22 13 3
22 14 2
22 15 6
22 16 10
22 17 10
22 18 7
22 19 8
22 20 2
22 21 1
22 23 7
22 24 6
22 25 9
22 26 4
22 27 7
22 28 9
22 29 1
22 30 5
22 31 4
22 32 1
22 33 5
22 34 9
22 35 7
22 36 2
22 37 6
22 38 10
22 39 8
22 40 10
22 41 6
22 42 7
22 43 2
22 44 10
22 45 3
22 46 1
22 47 9
22 48 2
22 49 3
22 50 7
22 51 8
22 52 3
22 53 2
22 54 1
22 55 7
22 56 2
22 57 8
22 58 8
22 59 2
22 60 4
22 61 3
22 62 7
22 63 9
22 64 5
22 65 1
22 66 1
22 67 3
22 68 4
22 69 8
22 70 6
22 71 2
22 72 1
22 73 2
22 74 4
22 75 4
22 76 5
22 77 6
22 78 1
22 79 5
22 80 7
22 81 10
22 82 4
22 83 9
22 84 3
22 85 9
22 86 3
22 87 10
22 88 7
22 89 1
22 90 2
22 91 6
22 92 10
22 93 10
22 94 3
22 95 5
22 96 9
22 97 2
22 98 6
22 99 3
23 0 4
23 1 3
23 2 1
23 3 9
23 4 6
23 5 1
23 6 8
23 7 5
23 8 1
23 9 2
23 10 4
23 11 2
23 12 6
23 13 10
23 14 8
23 15 7
23 16 10
23 17 1
23 18 1
23 19 2
23 20 6
23 21 3
23 22 10
23 24 4
23 25 8
23 26 3
23 27 10
23 28 7
23 29 2
23 30 3
23 31 3
23 32 1
23 33 10
23 34 6
23 35 6
23 36 10
23 37 5
23 38 6
23 39 6
23 40 6
23 41 4
23 42 5
23 43 9
23 44 9
23 45 6
23 46 3
23 47 3
23 48 3
23 49 4
23 50 4
23 51 8
23 52 6
23 53 2
23 54 1
23 55 10
23 56 9
23 57 4
23 58 1
23 59 6
23 60 9
23 61 3
23 62 5
23 63 10
23 64 9
23 65 7
23 66 1
23 67 4
23 68 8
23 69 1
23 70 10
23 71 7
23 72 5
23 73 2
23 74 9
23 75 10
23 76 4
23 77 9
23 78 7
23 79 2
23 80 10
23 81 2
23 82 4
23 83 4
23 84 3
23 85 5
23 86 3
23 87 7
23 88 9
23 89 6
23 90 5
23 91 8
23 92 4
23 93 7
23 94 1
23 95 5
23 96 6
23 97 5
23 98 3
23 99 1
24 0 8
24 1 8
24 2 8
24 3 4
24 4 5
24 5 3
24 6 9
24 7 5
24 8 9
24 9 6
24 10 4
24 11 4
24 12 5
24 13 9
24 14 9
24 15 3
24 16 8
24 17 5
24 18 6
24 19 2
24 20 3
24 21 10
24 22 10
24 23 4
24 25 4
24 26 5
24 27 5
24 28 7
24 29 3
24 30 7
24 31 5
24 32 6
24 33 5
24 34 4
24 35 2
24 36 5
24 37 10
24 38 3
24 39 6
24 40 7
24 41 5
24 42 7
24 43 8
24 44 10
24 45 10
24 46 8
24 47 9
24 48 1
24 49 7
24 50 10
24 51 9
24 52 8
24 53 1
24 54 6
24 55 2
24 56 10
24 57 7
24 58 3
24 59 9
24 60 7
24 61 6
24 62 3
24 63 3
24 64 3
24 65 10
24 66 9
24 67 9
24 68 1
24 69 1
24 70 4
24 71 1
24 72 8
24 73 8
24 74 6
24 75 3
24 76 2
24 77 9
24 78 8
24 79 8
24 80 2
24 81 1
24 82 8
24 83 1
24 84 9
24 85 6
24 86 10
24 87 8
24 88 10
24 89 7
24 90 9
24 91 4
24 92 9
24 93 8
24 94 9
24 95 5
24 96 2
24 97 6
24 98 1
24 99 7
25 0 5
25 1 7
25 2 3
25 3 4
25 4 7
25 5 3
25 6 5
25 7 2
25 8 5
25 9 1
25 10 4
25 11 7
25 12 7
25 13 7
25 14 2
25 15 3
25 16 9
25 17 10
25 18 3
25 19 3
25 20 8
25 21 9
25 22 3
25 23 6
25 24 5
25 26 6
25 27 7
25 28 6
25 29 7
25 30 8
25 31 9
25 32 3
25 33 3
25 34 7
25 35 5
25 36 10
25 37 4
25 38 6
25 39 9
25 40 7
25 41 10
25 42 5
25 43 4
25 44 1
25 45 6
25 46 10
25 47 5
25 48 3
25 49 1
25 50 3
25 51 6
25 52 1
25 53 2
25 54 7
25 55 5
25 56 10
25 57 8
25 58 10
25 59 1
25 60 5
25 61 3
25 62 6
25 63 5
25 64 9
25 65 6
25 66 6
25 67 4
25 68 3
25 69 3
25 70 1
25 71 5
25 72 6
25 73 9
25 74 3
25 75 9
25 76 7
25 77 8
25 78 5
25 79 7
25 80 8
25 81 8
25 82 3
25 83 3
25 84 4
25 85 6
25 86 6
25 87 9
25 88 1
25 89 4
25 90 10
25 91 4
25 92 8
25 93 7
25 94 7
25 95 1
25 96 5
25 97 9
25 98 3
25 99 9
26 0 6
26 1 5
26 2 2
26 3 8
26 4 9
26 5 4
26 6 4
26 7 5
26 8 4
26 9 4
26 10 9
26 11 6
26 12 9
26 13 2
26 14 3
26 15 9
26 16 7
26 17 10
26 18 9
26 19 8
26 20 8
26 21 3
26 22 7
26 23 2
26 24 7
26 25 7
26 27 2
26 28 1
26 29 10
26 30 8
26 31 7
26 32 5
26 33 2
26 34 8
26 35 4
26 36 6
26 37 10
26 38 6
26 39 2
26 40 6
26 41 5
26 42 8
26 43 10
26 44 10
26 45 8
26 46 2
26 47 4
26 48 6
26 49 3
26 50 10
26 51 5
26 52 2
26 53 7
26 54 6
26 55 10
26 56 8
26 57 10
26 58 2
26 59 5
26 60 1
26 61 1
26 62 6
26 63 5
26 64 4
26 65 2
26 66 9
26 67 7
26 68 10
26 69 4
26 70 2
26 71 7
26 72 6
26 73 6
26 74 6
26 75 7
26 76 4
26 77 2
26 78 10
26 79 1
26 80 10
26 81 3
26 82 6
26 83 4
26 84 2
26 85 10
26 86 10
26 87 8
26 88 3
26 89 6
26 90 3
26 91 6
26 92 7
26 93 10
26 94 5
26 95 5
26 96 5
26 97 2
26 98 6
26 99 7
27 0 1
27 1 3
27 2 1
27 3 7
27 4 9
27 5 1
27 6 10
27 7 8
27 8 7
27 9 5
27 10 2
27 11 5
27 12 10
27 13 6
27 14 7
27 15 2
27 16 7
27 17 8
27 18 5
27 19 3
27 20 6
27 21 4
27 22 8
27 23 6
27 24 7
27 25 9
27 26 6
27 28 1
27 29 8
27 30 4
27 31 3
27 32 3
27 33 2
27 34 1
27 35 1
27 36 2
27 37 1
27 38 10
27 39 5
27 40 1
27 41 1
27 42 9
27 43 8
27 44 1
27 45 10
27 46 2
27 47 3
27 48 1
27 49 7
27 50 10
27 51 4
27 52 2
27 53 10
27 54 9
27 55 3
27 56 5
27 57 3
27 58 6
27 59 4
27 60 7
27 61 6
27 62 4
27 63 4
27 64 6
27 65 5
27 66 3
27 67 4
27 68 1
27 69 9
27 70 2
27 71 6
27 72 9
27 73 9
27 74 2
27 75 9
27 76 4
27 77 9
27 78 1
27 79 4
27 80 3
27 81 2
27 82 2
27 83 5
27 84 9
27 85 3
27 86 1
27 87 4
27 88 10
27 89 4
27 90 6
27 91 10
27 92 7
27 93 10
27 94 6
27 95 2
27 96 10
27 97 7
27 98 6
27 99 9
28 0 10
28 1 9
28 2 10
28 3 1
28 4 1
28 5 10
28 6 9
28 7 7
28 8 8
28 9 2
28 10 5
28 11 4
28 12 1
28 13 8
28 14 8
28 15 6
28 16 8
28 17 10
28 18 10
28 19 8
28 20 7
28 21 2
28 22 3
28 23 10
28 24 4
28 25 4
28 26 5
28 27 6
28 29 6
28 30 2
28 31 4
28 32 8
28 33 5
28 34 2
28 35 7
28 36 5
28 37 1
28 38 9
28 39 6
28 40 7
28 41 2
28 42 4
28 43 8
28 44 8
28 45 3
28 46 10
28 47 1
28 48 10
28 49 7
28 50 1
28 51 2
28 52 7
28 53 6
28 54 5
28 55 7
28 56 10
28 57 1
28 58 1
28 59 1
28 60 5
28 61 6
28 62 3
28 63 9
28 64 2
28 65 7
28 66 7
28 67 10
28 68 6
28 69 8
28 70 10
28 71 3
28 72 3
28 73 4
28 74 4
28 75 6
28 76 8
28 77 7
28 78 3
28 79 10
28 80 8
28 81 2
28 82 3
28 83 4
28 84 4
28 85 4
28 86 9
28 87 9
28 88 7
28 89 3
28 90 1
28 91 5
28 92 1
28 93 4
28 94 2
28 95 3
28 96 9
28 97 6
28 98 6
28 99 8
29 0 8
29 1 10
29 2 8
29 3 7
29 4 3
29 5 10
29 6 1
29 7 7
29 8 5
29 9 8
29 10 2
29 11 9
29 12 6
29 13 10
29 14 10
29 15 8
29 16 6
29 17 8
29 18 9
29 19 2
29 20 1
29 21 2
29 22 7
29 23 5
29 24 8
29 25 6
29 26 6
29 27 9
29 28 5
29 30 7
29 31 10
29 32 7
29 33 5
29 34 2
29 35 1
29 36 6
29 37 8
29 38 10
29 39 6
29 40 10
29 41 3
29 42 4
29 43 2
29 44 9
29 45 8
29 46 8
29 47 8
29 48 10
29 49 1
29 50 10
29 51 2
29 52 8
29 53 9
29 54 8
29 55 3
29 56 3
29 57 9
29 58 10
29 59 3
29 60 1
29 61 3
29 62 2
29 63 10
29 64 3
29 65 2
29 66 8
29 67 4
29 68 4
29 69 6
29 70 9
29 71 9
29 72 3
29 73 9
29 74 7
29 75 8
29 76 6
29 77 1
29 78 2
29 79 3
29 80 4
29 81 1
29 82 1
29 83 10
29 84 6
29 85 4
29 86 7
29 87 2
29 88 9
29 89 1
29 90 2
29 91 2
29 92 1
29 93 4
29 94 1
29 95 8
29 96 7
29 97 3
29 98 2
29 99 3
30 0 9
30 1 9
30 2 10
30 3 1
30 4 6
30 5 7
30 6 1
30 7 10
30 8 8
30 9 1
30 10 2
30 11 7
30 12 4
30 13 3
30 14 9
30 15 5
30 16 4
30 17 6
30 18 8
30 19 7
30 20 7
30 21 5
30 22 10
30 23 10
30 24 8
30 25 7
30 26 5
30 27 1
30 28 2
30 29 6
30 31 2
30 32 6
30 33 4
30 34 10
30 35 5
30 36 5
30 37 6
30 38 10
30 39 2
30 40 6
30 41 5
30 42 9
30 43 8
30 44 2
30 45 6
30 46 3
30 47 2
30 48 8
30 49 4
30 50 10
30 51 3
30 52 1
30 53 3
30 54 5
30 55 10
30 56 8
30 57 7
30 58 8
30 59 4
30 60 7
30 61 8
30 62 5
30 63 2
30 64 8
30 65 3
30 66 3
30 67 9
30 68 2
30 69 2
30 70 7
30 71 8
30 72 5
30 73 3
30 74 4
30 75 6
30 76 2
30 77 1
30 78 6
30 79 9
30 80 2
30 81 5
30 82 3
30 83 3
30 84 9
30 85 4
30 86 2
30 87 9
30 88 1
30 89 2
30 90 9
30 91 2
30 92 5
30 93 1
30 94 7
30 95 4
30 96 9
30 97 2
30 98 7
30 99 2
31 0 7
31 1 7
31 2 5
31 3 7
31 4 6
31 5 3
31 6 2
31 7 6
31 8 6
31 9 3
31 10 4
31 11 1
31 12 4
31 13 6
31 14 2
31 15 1
31 16 6
31 17 5
31 18 8
31 19 8
31 20 8
31 21 3
31 22 6
31 23 3
31 24 4
31 25 8
31 26 6
31 27 1
31 28 8
31 29 6
31 30 1
31 32 6
31 33 7
31 34 10
31 35 7
31 36 5
31 37 5
31 38 9
31 39 6
31 40 5
31 41 9
31 42 1
31 43 10
31 44 5
31 45 10
31 46 5
31 47 10
31 48 10
31 49 9
31 50 10
31 51 1
31 52 6
31 53 5
31 54 2
31 55 6
31 56 9
31 57 9
31 58 7
31 59 10
31 60 10
31 61 5
31 62 3
31 63 8
31 64 8
31 65 1
31 66 3
31 67 10
31 68 6
31 69 1
31 70 4
31 71 7
31 72 6
31 73 10
31 74 1
31 75 1
31 76 8
31 77 8
31 78 8
31 79 2
31 80 7
31 81 5
31 82 4
31 83 10
31 84 1
31 85 1
31 86 6
31 87 7
31 88 10
31 89 2
31 90 7
31 91 3
31 92 3
31 93 5
31 94 1
31 95 6
31 96 2
31 97 6
31 98 8
31 99 6
32 0 3
32 1 10
32 2 7
32 3 10
32 4 8
32 5 9
32 6 5
32 7 8
32 8 3
32 9 10
32 10 5
32 11 10
32 12 4
32 13 1
32 14 2
32 15 4
32 16 2
32 17 3
32 18 1
32 19 6
32 20 6
32 21 2
32 22 5
32 23 3
32 24 2
32 25 9
32 26 9
32 27 6
32 28 6
32 29 1
32 30 10
32 31 6
32 33 9
32 34 5
32 35 8
32 36 9
32 37 8
32 38 10
32 39 4
32 40 2
32 41 5
32 42 1
32 43 4
32 44 9
32 45 4
32 46 10
32 47 4
32 48 3
32 49 1
32 50 2
32 51 9
32 52 10
32 53 10
32 54 5
32 55 4
32 56 7
32 57 10
32 58 9
32 59 7
32 60 8
32 61 3
32 62 3
32 63 10
32 64 4
32 65 3
32 66 2
32 67 5
32 68 10
32 69 9
32 70 2
32 71 8
32 72 2
32 73 2
32 74 9
32 75 7
32 76 8
32 77 10
32 78 1
32 79 4
32 80 4
32 81 10
32 82 8
32 83 10
32 84 10
32 85 10
32 86 1
32 87 8
32 88 10
32 89 3
32 90 1
32 91 3
32 92 2
32 93 7
32 94 6
32 95 4
32 96 5
32 97 5
32 98 6
32 99 8
33 0 2
33 1 2
33 2 4
33 3 6
33 4 3
33 5 1
33 6 8
33 7 8
33 8 2
33 9 9
33 10 8
33 11 9
33 12 4
33 13 2
33 14 7
33 15 5
33 16 7
33 17 6
33 18 3
33 19 6
33 20 5
33 21 8
33 22 3
33 23 7
33 24 9
33 25 5
33 26 5
33 27 6
33 28 8
33 29 8
33 30 6
33 31 10
33 32 10
33 34 5
33 35 4
33 36 6
33 37 4
33 38 10
33 39 7
33 40 2
33 41 5
33 42 1
33 43 2
33 44 5
33 45 2
33 46 7
33 47 9
33 48 3
33 49 2
33 50 6
33 51 7
33 52 1
33 53 5
33 54 6
33 55 5
33 56 2
33 57 9
33 58 10
33 59 6
33 60 6
33 61 2
33 62 4
33 63 7
33 64 9
33 65 7
33 66 3
33 67 2
33 68 2
33 69 10
33 70 7
33 71 4
33 72 6
33 73 10
33 74 8
33 75 1
33 76 7
33 77 6
33 78 3
33 79 9
33 80 8
33 81 3
33 82 8
33 83 4
33 84 3
33 85 9
33 86 4
33 87 10
33 88 10
33 89 5
33 90 10
33 91 6
33 92 3
33 93 3
33 94 7
33 95 6
33 96 4
33 97 7
33 98 6
33 99 1
34 0 2
34 1 9
34 2 9
34 3 9
34 4 8
34 5 8
34 6 7
34 7 6
34 8 3
34 9 2
34 10 9
34 11 7
34 12 5
34 13 10
34 14 7
34 15 3
34 16 7
34 17 10
34 18 5
34 19 3
34 20 1
34 21 5
34 22 3
34 23 3
34 24 2
34 25 2
34 26 2
34 27 10
34 28 3
34 29 10
34 30 8
34 31 4
34 32 2
34 33 4
34 35 3
34 36 9
34 37 10
34 38 7
34 39 4
34 40 6
34 41 4
34 42 9
34 43 7
34 44 3
34 45 9
34 46 7
34 47 6
34 48 10
34 49 8
34 50 5
34 51 3
34 52 10
34 53 2
34 54 8
34 55 9
34 56 10
34 57 3
34 58 8
34 59 5
34 60 3
34 61 2
34 62 4
34 63 4
34 64 1
34 65 7
34 66 6
34 67 7
34 68 5
34 69 6
34 70 10
34 71 7
34 72 1
34 73 6
34 74 1
34 75 3
34 76 10
34 77 5
34 78 2
34 79 2
34 80 8
34 81 5
34 82 5
34 83 1
34 84 2
34 85 7
34 86 1
34 87 10
34 88 1
34 89 8
34 90 3
34 91 10
34 92 5
34 93 6
34 94 6
34 95 2
34 96 8
34 97 1
34 98 10
34 99 5
35 0 7
35 1 5
35 2 2
35 3 4
35 4 4
35 5 3
35 6 4
35 7 3
35 8 5
35 9 7
35 10 9
35 11 7
35 12 2
35 13 1
35 14 8
35 15 9
35 16 8
35 17 5
35 18 6
35 19 9
35 20 8
35 21 8
35 22 10
35 23 3
35 24 5
35 25 7
35 26 2
35 27 2
35 28 5
35 29 3
35 30 9
35 31 1
35 32 5
35 33 9
35 34 10
35 36 9
35 37 1
35 38 3
35 39 3
35 40 5
35 41 7
35 42 4
35 43 3
35 44 3
35 45 10
35 46 5
35 47 5
35 48 9
35 49 2
35 50 8
35 51 9
35 52 4
35 53 10
35 54 2
35 55 6
35 56 2
35 57 8
35 58 6
35 59 8
35 60 10
35 61 10
35 62 2
35 63 9
35 64 9
35 65 10
35 66 10
35 67 3
35 68 1
35 69 5
35 70 10
35 71 2
35 72 6
35 73 4
35 74 2
35 75 3
35 76 4
35 77 6
35 78 8
35 79 6
35 80 9
35 81 8
35 82 5
35 83 2
35 84 7
35 85 6
35 86 1
35 87 4
35 88 10
35 89 10
35 90 3
35 91 1
35 92 10
35 93 4
35 94 1
35 95 3
35 96 10
35 97 4
35 98 10
35 99 8
36 0 2
36 1 8
36 2 6
36 3 1
36 4 2
36 5 5
36 6 5
36 7 10
36 8 8
36 9 5
36 10 3
36 11 9
36 12 5
36 13 6
36 14 2
36 15 3
36 16 4
36 17 1
36 18 2
36 19 4
36 20 6
36 21 2
36 22 9
36 23 3
36 24 5
36 25 8
36 26 6
36 27 2
36 28 1
36 29 5
36 30 4
36 31 10
36 32 5
36 33 5
36 34 6
36 35 10
36 37 9
36 38 1
36 39 4
36 40 1
36 41 3
36 42 8
36 43 10
36 44 1
36 45 3
36 46 5
36 47 8
36 48 7
36 49 2
36 50 10
36 51 6
36 52 3
36 53 1
36 54 7
36 55 2
36 56 6
36 57 1
36 58 1
36 59 5
36 60 3
36 61 6
36 62 9
36 63 1
36 64 4
36 65 10
36 66 7
36 67 10
36 68 4
36 69 10
36 70 1
36 71 5
36 72 3
36 73 3
36 74 9
36 75 10
36 76 10
36 77 10
36 78 3
36 79 4
36 80 9
36 81 5
36 82 5
36 83 2
36 84 8
36 85 2
36 86 3
36 87 3
36 88 5
36 89 2
36 90 6
36 91 10
36 92 3
36 93 2
36 94 5
36 95 4
36 96 7
36 97 4
36 98 6
36 99 2
37 0 8
37 1 7
37 2 2
37 3 6
37 4 6
37 5 8
37 6 6
37 7 2
37 8 4
37 9 2
37 10 6
37 11 1
37 12 10
37 13 3
37 14 6
37 15 2
37 16 9
37 17 1
37 18 10
37 19 10
37 20 8
37 21 1
37 22 8
37 23 4
37 24 5
37 25 7
37 26 6
37 27 2
37 28 1
37 29 2
37 30 6
37 31 8
37 32 2
37 33 5
37 34 7
37 35 4
37 36 1
37 38 5
37 39 4
37 40 2
37 41 7
37 42 8
37 43 4
37 44 6
37 45 9
37 46 1
37 47 8
37 48 2
37 49 3
37 50 5
37 51 5
37 52 7
37 53 8
37 54 6
37 55 6
37 56 5
37 57 9
37 58 4
37 59 8
37 60 2
37 61 7
37 62 1
37 63 8
37 64 10
37 65 7
37 66 7
37 67 10
37 68 2
37 69 4
37 70 6
37 71 3
37 72 8
37 73 3
37 74 9
37 75 8
37 76 4
37 77 5
37 78 4
37 79 6
37 80 4
37 81 5
37 82 8
37 83 6
37 84 7
37 85 3
37 86 3
37 87 9
37 88 6
37 89 2
37 90 1
37 91 9
37 92 5
37 93 9
37 94 5
37 95 6
37 96 3
37 97 7
37 98 1
37 99 10
38 0 9
38 1 9
38 2 5
38 3 10
38 4 7
38 5 9
38 6 10
38 7 4
38 8 8
38 9 9
38 10 9
38 11 3
38 12 8
38 13 3
38 14 6
38 15 4
38 16 9
38 17 9
38 18 6
38 19 1
38 20 6
38 21 7
38 22 7
38 23 9
38 24 2
38 25 1
38 26 9
38 27 1
38 28 8
38 29 3
38 30 6
38 31 5
38 32 4
38 33 7
38 34 2
38 35 5
38 36 6
38 37 7
38 39 2
38 40 7
38 41 7
38 42 8
38 43 5
38 44 9
38 45 1
38 46 2
38 47 7
38 48 6
38 49 1
38 50 4
38 51 4
38 52 4
38 53 9
38 54 1
38 55 2
38 56 3
38 57 2
38 58 4
38 59 5
38 60 8
38 61 6
38 62 6
38 63 2
38 64 10
38 65 4
38 66 4
38 67 10
38 68 1
38 69 10
38 70 1
38 71 9
38 72 1
38 73 1
38 74 1
38 75 7
38 76 3
38 77 6
38 78 2
38 79 3
38 80 8
38 81 2
38 82 10
38 83 8
38 84 2
38 85 6
38 86 3
38 87 10
38 88 1
38 89 6
38 90 2
38 91 8
38 92 7
38 93 5
38 94 3
38 95 3
38 96 9
38 97 6
38 98 3
38 99 4
39 0 6
39 1 2
39 2 4
39 3 10
39 4 7
39 5 6
39 6 7
39 7 2
39 8 5
39 9 3
39 10 10
39 11 5
39 12 8
39 13 5
39 14 8
39 15 2
39 16 9
39 17 1
39 18 8
39 19 7
39 20 3
39 21 1
39 22 6
39 23 1
39 24 8
39 25 5
39 26 9
39 27 10
39 28 4
39 29 3
39 30 4
39 31 5
39 32 1
39 33 9
39 34 10
39 35 8
39 36 5
39 37 7
39 38 9
39 40 4
39 41 7
39 42 9
39 43 4
39 44 10
39 45 8
39 46 1
39 47 3
39 48 9
39 49 5
39 50 8
39 51 3
39 52 1
39 53 5
39 54 6
39 55 9
39 56 1
39 57 5
39 58 8
39 59 9
39 60 4
39 61 8
39 62 2
39 63 9
39 64 1
39 65 3
39 66 2
39 67 10
39 68 7
39 69 9
39 70 3
39 71 1
39 72 6
39 73 3
39 74 3
39 75 7
39 76 5
39 77 6
39 78 2
39 79 8
39 80 10
39 81 1
39 82 3
39 83 7
39 84 5
39 85 9
39 86 2
39 87 9
39 88 3
39 89 1
39 90 3
39 91 2
39 92 7
39 93 7
39 94 4
39 95 3
39 96 7
39 97 7
39 98 3
39 99 2
40 0 4
40 1 4
40 2 1
40 3 5
40 4 7
40 5 8
40 6 6
40 7 8
40 8 7
40 9 2
40 10 8
40 11 2
40 12 2
40 13 5
40 14 3
40 15 5
40 16 8
40 17 2
40 18 7
40 19 10
40 20 1
40 21 5
40 22 1
40 23 8
40 24 2
40 25 9
40 26 6
40 27 8
40 28 4
40 29 1
40 30 1
40 31 5
40 32 2
40 33 10
40 34 5
40 35 8
40 36 7
40 37 1
40 38 1
40 39 7
40 41 1
40 42 1
40 43 8
40 44 6
40 45 5
40 46 2
40 47 8
40 48 5
40 49 10
40 50 2
40 51 5
40 52 5
40 53 9
40 54 4
40 55 10
40 56 1
40 57 2
40 58 1
40 59 3
40 60 10
40 61 5
40 62 10
40 63 2
40 64 1
40 65 10
40 66 8
40 67 2
40 68 3
40 69 5
40 70 4
40 71 7
40 72 8
40 73 8
40 74 3
40 75 6
40 76 3
40 77 7
40 78 5
40 79 5
40 80 10
40 81 10
40 82 9
40 83 9
40 84 9
40 85 3
40 86 9
40 87 1
40 88 6
40 89 6
40 90 8
40 91 4
40 92 10
40 93 8
40 94 1
40 95 7
40 96 6
40 97 4
40 98 10
40 99 6
41 0 10
41 1 2
41 2 3
41 3 6
41 4 9
41 5 8
41 6 5
41 7 7
41 8 4
41 9 1
41 10 5
41 11 6
41 12 1
41 13 6
41 14 5
41 15 3
41 16 9
41 17 9
41 18 5
41 19 1
41 20 5
41 21 2
41 22 6
41 23 2
41 24 9
41 25 3
41 26 1
41 27 8
41 28 2
41 29 3
41 30 8
41 31 10
41 32 10
41 33 6
41 34 1
41 35 2
41 36 5
41 37 3
41 38 1
41 39 8
41 40 1
41 42 9
41 43 7
41 44 6
41 45 9
41 46 3
41 47 4
41 48 10
41 49 5
41 50 3
41 51 6
41 52 9
41 53 6
41 54 4
41 55 4
41 56 10
41 57 1
41 58 10
41 59 5
41 60 8
41 61 1
41 62 5
41 63 10
41 64 6
41 65 3
41 66 5
41 67 9
41 68 6
41 69 7
41 70 10
41 71 4
41 72 4
41 73 10
41 74 4
41 75 10
41 76 8
41 77 1
41 78 8
41 79 4
41 80 6
41 81 7
41 82 4
41 83 10
41 84 4
41 85 1
41 86 7
41 87 8
41 88 10
41 89 2
41 90 7
41 91 6
41 92 1
41 93 5
41 94 2
41 95 4
41 96 2
41 97 5
41 98 10
41 99 3
42 0 8
42 1 9
42 2 6
42 3 10
42 4 10
42 5 7
42 6 6
42 7 4
42 8 9
42 9 3
42 10 10
42 11 7
42 12 7
42 13 9
42 14 1
42 15 1
42 16 5
42 17 2
42 18 1
42 19 5
42 20 2
42 21 10
42 22 4
42 23 7
42 24 7
42 25 9
42 26 5
42 27 5
42 28 7
42 29 5
42 30 5
42 31 9
42 32 7
42 33 2
42 34 10
42 35 5
42 36 7
42 37 8
42 38 9
42 39 5
42 40 3
42 41 10
42 43 7
42 44 5
42 45 6
42 46 3
42 47 1
42 48 9
42 49 6
42 50 7
42 51 5
42 52 9
42 53 9
42 54 8
42 55 2
42 56 10
42 57 1
42 58 7
42 59 3
42 60 3
42 61 2
42 62 2
42 63 1
42 64 2
42 65 9
42 66 10
42 67 1
42 68 6
42 69 4
42 70 1
42 71 8
42 72 5
42 73 3
42 74 1
42 75 7
42 76 5
42 77 8
42 78 9
42 79 4
42 80 9
42 81 6
42 82 7
42 83 9
42 84 4
42 85 7
42 86 2
42 87 10
42 88 5
42 89 7
42 90 6
42 91 5
42 92 2
42 93 8
42 94 6
42 95 2
42 96 3
42 97 6
42 98 8
42 99 4
43 0 9
43 1 6
43 2 8
43 3 5
43 4 6
43 5 4
43 6 10
43 7 10
43 8 3
43 9 5
43 10 5
43 11 10
43 12 10
43 13 2
43 14 5
43 15 1
43 16 10
43 17 5
43 18 2
43 19 4
43 20 2
43 21 2
43 22 3
43 23 10
43 24 10
43 25 4
43 26 3
43 27 10
43 28 7
43 29 6
43 30 6
43 31 5
43 32 9
43 33 2
43 34 4
43 35 7
43 36 3
43 37 7
43 38 6
43 39 6
43 40 4
43 41 8
43 42 1
43 44 4
43 45 10
43 46 3
43 47 2
43 48 3
43 49 2
43 50 6
43 51 4
43 52 1
43 53 2
43 54 10
43 55 8
43 56 3
43 57 9
43 58 8
43 59 6
43 60 1
43 61 9
43 62 3
43 63 1
43 64 8
43 65 3
43 66 3
43 67 7
43 68 1
43 69 3
43 70 2
43 71 3
43 72 7
43 73 9
43 74 8
43 75 5
43 76 2
43 77 1
43 78 3
43 79 10
43 80 1
43 81 9
43 82 7
43 83 4
43 84 6
43 85 9
43 86 4
43 87 10
43 88 6
43 89 6
43 90 10
43 91 5
43 92 4
43 93 10
43 94 9
43 95 10
43 96 4
43 97 6
43 98 10
43 99 4
44 0 1
44 1 6
44 2 2
44 3 2
44 4 8
44 5 1
44 6 5
44 7 1
44 8 4
44 9 2
44 10 2
44 11 5
44 12 6
44 13 8
44 14 3
44 15 4
44 16 6
44 17 10
44 18 8
44 19 8
44 20 3
44 21 5
44 22 2
44 23 6
44 24 3
44 25 10
44 26 5
44 27 8
44 28 6
44 29 2
44 30 3
44 31 6
44 32 7
44 33 5
44 34 1
44 35 5
44 36 3
44 37 2
44 38 7
44 39 5
44 40 5
44 41 1
44 42 2
44 43 3
44 45 5
44 46 2
44 47 2
44 48 2
44 49 6
44 50 8
44 51 1
44 52 3
44 53 5
44 54 1
44 55 8
44 56 5
44 57 10
44 58 3
44 59 7
44 60 5
44 61 5
44 62 2
44 63 9
44 64 1
44 65 4
44 66 9
44 67 1
44 68 10
44 69 5
44 70 7
44 71 1
44 72 10
44 73 2
44 74 8
44 75 9
44 76 5
44 77 9
44 78 1
44 79 1
44 80 6
44 81 4
44 82 6
44 83 4
44 84 6
44 85 5
44 86 4
44 87 5
44 88 4
44 89 4
44 90 6
44 91 7
44 92 5
44 93 6
44 94 10
44 95 3
44 96 7
44 97 10
44 98 5
44 99 2
45 0 3
45 1 9
45 2 2
45 3 10
45 4 2
45 5 1
45 6 10
45 7 2
45 8 6
45 9 1
45 10 2
45 11 8
45 12 9
45 13 2
45 14 4
45 15 1
45 16 4
45 17 2
45 18 8
45 19 3
45 20 4
45 21 2
45 22 1
45 23 3
45 24 3
45 25 1
45 26 2
45 27 3
45 28 1
45 29 9
45 30 2
45 31 9
45 32 5
45 33 9
45 34 1
45 35 6
45 36 7
45 37 4
45 38 8
45 39 5
45 40 7
45 41 3
45 42 10
45 43 4
45 44 1
45 46 5
45 47 7
45 48 3
45 49 7
45 50 6
45 51 3
45 52 3
45 53 9
45 54 4
45 55 7
45 56 1
45 57 1
45 58 9
45 59 2
45 60 4
45 61 5
45 62 10
45 63 2
45 64 2
45 65 10
45 66 10
45 67 7
45 68 5
45 69 4
45 70 7
45 71 9
45 72 2
45 73 5
45 74 4
45 75 2
45 76 7
45 77 2
45 78 3
45 79 7
45 80 3
45 81 7
45 82 9
45 83 3
45 84 7
45 85 1
45 86 7
45 87 9
45 88 3
45 89 7
45 90 8
45 91 6
45 92 10
45 93 10
45 94 7
45 95 3
45 96 2
45 97 2
45 98 7
45 99 2
46 0 6
46 1 9
46 2 2
46 3 1
46 4 2
46 5 7
46 6 9
46 7 1
46 8 7
46 9 4
46 10 3
46 11 1
46 12 2
46 13 5
46 14 8
46 15 9
46 16 2
46 17 8
46 18 5
46 19 4
46 20 6
46 21 5
46 22 6
46 23 10
46 24 1
46 25 1
46 26 7
46 27 5
46 28 2
46 29 2
46 30 1
46 31 4
46 32 1
46 33 5
46 34 4
46 35 10
46 36 6
46 37 10
46 38 10
46 39 1
46 40 3
46 41 2
46 42 3
46 43 5
46 44 1
46 45 3
46 47 4
46 48 10
46 49 2
46 50 6
46 51 5
46 52 4
46 53 5
46 54 4
46 55 3
46 56 8
46 57 4
46 58 10
46 59 7
46 60 2
46 61 9
46 62 9
46 63 5
46 64 7
46 65 9
46 66 5
46 67 6
46 68 9
46 69 10
46 70 7
46 71 3
46 72 7
46 73 10
46 74 4
46 75 1
46 76 4
46 77 1
46 78 9
46 79 10
46 80 6
46 81 1
46 82 6
46 83 9
46 84 1
46 85 2
46 86 10
46 87 5
46 88 6
46 89 10
46 90 7
46 91 6
46 92 5
46 93 1
46 94 2
46 95 7
46 96 6
46 97 3
46 98 8
46 99 7
47 0 2
47 1 7
47 2 5
47 3 6
47 4 9
47 5 4
47 6 1
47 7 1
47 8 1
47 9 4
47 10 6
47 11 2
47 12 1
47 13 7
47 14 4
47 15 8
47 16 4
47 17 1
47 18 2
47 19 10
47 20 5
47 21 6
47 22 10
47 23 1
47 24 8
47 25 5
47 26 7
47 27 4
47 28 9
47 29 9
47 30 1
47 31 3
47 32 10
47 33 6
47 34 2
47 35 3
47 36 2
47 37 5
47 38 8
47 39 3
47 40 2
47 41 2
47 42 6
47 43 3
47 44 2
47 45 3
47 46 7
47 48 1
47 49 3
47 50 3
47 51 10
47 52 8
47 53 1
47 54 4
47 55 1
47 56 9
47 57 2
47 58 5
47 59 9
47 60 2
47 61 9
47 62 10
47 63 7
47 64 1
47 65 4
47 66 7
47 67 2
47 68 9
47 69 5
47 70 8
47 71 3
47 72 4
47 73 10
47 74 8
47 75 5
47 76 5
47 77 2
47 78 7
47 79 1
47 80 5
47 81 5
47 82 1
47 83 9
47 84 3
47 85 10
47 86 9
47 87 4
47 88 3
47 89 10
47 90 4
47 91 9
47 92 7
47 93 5
47 94 8
47 95 5
47 96 9
47 97 6
47 98 8
47 99 10
48 0 8
48 1 9
48 2 5
48 3 3
48 4 2
48 5 2
48 6 2
48 7 9
48 8 3
48 9 9
48 10 7
48 11 2
48 12 7
48 13 2
48 14 9
48 15 7
48 16 3
48 17 6
48 18 3
48 19 8
48 20 8
48 21 1
48 22 1
48 23 9
48 24 1
48 25 8
48 26 2
48 27 7
48 28 4
48 29 10
48 30 8
48 31 8
48 32 7
48 33 7
48 34 1
48 35 1
48 36 6
48 37 4
48 38 2
48 39 9
48 40 7
48 41 8
48 42 4
48 43 2
48 44 9
48 45 4
48 46 9
48 47 9
48 49 4
48 50 1
48 51 7
48 52 6
48 53 9
48 54 8
48 55 8
48 56 2
48 57 3
48 58 6
48 59 2
48 60 4
48 61 10
48 62 9
48 63 2
48 64 8
48 65 3
48 66 7
48 67 6
48 68 8
48 69 3
48 70 6
48 71 1
48 72 1
48 73 10
48 74 8
48 75 4
48 76 6
48 77 3
48 78 5
48 79 8
48 80 8
48 81 4
48 82 2
48 83 9
48 84 3
48 85 5
48 86 6
48 87 7
48 88 4
48 89 8
48 90 7
48 91 5
48 92 3
48 93 2
48 94 2
48 95 9
48 96 9
48 97 10
48 98 4
48 99 5
49 0 1
49 1 10
49 2 2
49 3 10
49 4 7
49 5 2
49 6 9
49 7 5
49 8 9
49 9 6
49 10 8
49 11 7
49 12 8
49 13 6
49 14 10
49 15 6
49 16 1
49 17 6
49 18 2
49 19 2
49 20 7
49 21 4
49 22 4
49 23 1
49 24 2
49 25 8
49 26 6
49 27 10
49 28 1
49 29 1
49 30 6
49 31 5
49 32 5
49 33 2
49 34 3
49 35 4
49 36 4
49 37 3
49 38 8
49 39 2
49 40 2
49 41 7
49 42 7
49 43 1
49 44 8
49 45 3
49 46 10
49 47 2
49 48 5
49 50 7
49 51 10
49 52 4
49 53 1
49 54 3
49 55 8
49 56 7
49 57 3
49 58 8
49 59 4
49 60 10
49 61 8
49 62 8
49 63 9
49 64 5
49 65 9
49 66 5
49 67 9
49 68 2
49 69 5
49 70 2
49 71 6
49 72 6
49 73 6
49 74 3
49 75 8
49 76 5
49 77 2
49 78 5
49 79 6
49 80 8
49 81 8
49 82 6
49 83 7
49 84 7
49 85 7
49 86 8
49 87 9
49 88 8
49 89 8
49 90 9
49 91 5
49 92 10
49 93 6
49 94 8
49 95 5
49 96 7
49 97 1
49 98 8
49 99 6
50 0 10
50 1 8
50 2 5
50 3 7
50 4 1
50 5 2
50 6 1
50 7 10
50 8 10
50 9 5
50 10 4
50 11 3
50 12 10
50 13 3
50 14 5
50 15 1
50 16 6
50 17 5
50 18 2
50 19 6
50 20 8
50 21 5
50 22 6
50 23 10
50 24 4
50 25 7
50 26 3
50 27 8
50 28 7
50 29 8
50 30 5
50 31 6
50 32 1
50 33 7
50 34 3
50 35 1
50 36 8
50 37 3
50 38 6
50 39 4
50 40 9
50 41 3
50 42 1
50 43 3
50 44 7
50 45 10
50 46 6
50 47 2
50 48 10
50 49 1
50 51 8
50 52 9
50 53 9
50 54 4
50 55 5
50 56 8
50 57 5
50 58 6
50 59 1
50 60 3
50 61 3
50 62 1
50 63 1
50 64 7
50 65 10
50 66 10
50 67 6
50 68 6
50 69 9
50 70 4
50 71 8
50 72 8
50 73 1
50 74 5
50 75 8
50 76 6
50 77 4
50 78 10
50 79 3
50 80 1
50 81 6
50 82 6
50 83 6
50 84 5
50 85 1
50 86 4
50 87 7
50 88 9
50 89 8
50 90 1
50 91 1
50 92 1
50 93 1
50 94 2
50 95 2
50 96 10
50 97 2
50 98 10
50 99 10
51 0 6
51 1 4
51 2 3
51 3 7
51 4 4
51 5 8
51 6 6
51 7 10
51 8 5
51 9 8
51 10 9
51 11 1
51 12 3
51 13 7
51 14 7
51 15 3
51 16 8
51 17 4
51 18 3
51 19 5
51 20 1
51 21 9
51 22 5
51 23 8
51 24 6
51 25 1
51 26 2
51 27 3
51 28 7
51 29 9
51 30 6
51 31 2
51 32 1
51 33 6
51 34 4
51 35 3
51 36 5
51 37 1
51 38 7
51 39 7
51 40 3
51 41 4
51 42 4
51 43 3
51 44 6
51 45 8
51 46 7
51 47 1
51 48 6
51 49 8
51 50 5
51 52 1
51 53 1
51 54 1
51 55 1
51 56 3
51 57 7
51 58 9
51 59 2
51 60 1
51 61 3
51 62 10
51 63 2
51 64 9
51 65 2
51 66 2
51 67 5
51 68 7
51 69 3
51 70 2
51 71 8
51 72 4
51 73 8
51 74 5
51 75 6
51 76 9
51 77 6
51 78 10
51 79 5
51 80 5
51 81 1
51 82 6
51 83 9
51 84 3
51 85 5
51 86 3
51 87 10
51 88 2
51 89 4
51 90 10
51 91 1
51 92 1
51 93 6
51 94 10
51 95 4
51 96 10
51 97 2
51 98 6
51 99 9
52 0 5
52 1 9
52 2 2
52 3 2
52 4 5
52 5 9
52 6 10
52 7 7
52 8 6
52 9 7
52 10 7
52 11 4
52 12 7
52 13 3
52 14 1
52 15 5
52 16 9
52 17 2
52 18 2
52 19 3
52 20 2
52 21 2
52 22 6
52 23 9
52 24 9
52 25 9
52 26 9
52 27 9
52 28 6
52 29 7
52 30 4
52 31 2
52 32 8
52 33 5
52 34 5
52 35 8
52 36 4
52 37 8
52 38 6
52 39 4
52 40 6
52 41 4
52 42 5
52 43 2
52 44 7
52 45 7
52 46 9
52 47 5
52 48 4
52 49 1
52 50 2
52 51 6
52 53 10
52 54 8
52 55 2
52 56 7
52 57 6
52 58 9
52 59 8
52 60 2
52 61 2
52 62 10
52 63 7
52 64 7
52 65 8
52 66 7
52 67 10
52 68 4
52 69 9
52 70 9
52 71 10
52 72 9
52 73 1
52 74 4
52 75 1
52 76 7
52 77 7
52 78 1
52 79 7
52 80 10
52 81 4
52 82 2
52 83 8
52 84 10
52 85 1
52 86 9
52 87 2
52 88 7
52 89 3
52 90 2
52 91 3
52 92 1
52 93 4
52 94 8
52 95 2
52 96 3
52 97 5
52 98 1
52 99 7
53 0 3
53 1 8
53 2 5
53 3 5
53 4 6
53 5 1
53 6 5
53 7 6
53 8 10
53 9 4
53 10 9
53 11 6
53 12 4
53 13 6
53 14 5
53 15 4
53 16 1
53 17 7
53 18 2
53 19 5
53 20 9
53 21 5
53 22 7
53 23 1
53 24 7
53 25 2
53 26 4
53 27 3
53 28 4
53 29 8
53 30 8
53 31 6
53 32 1
53 33 1
53 34 4
53 35 7
53 36 2
53 37 5
53 38 4
53 39 7
53 40 10
53 41 6
53 42 10
53 43 10
53 44 4
53 45 8
53 46 7
53 47 7
53 48 2
53 49 10
53 50 2
53 51 6
53 52 8
53 54 7
53 55 7
53 56 3
53 57 3
53 58 9
53 59 7
53 60 3
53 61 9
53 62 9
53 63 5
53 64 3
53 65 6
53 66 8
53 67 5
53 68 1
53 69 2
53 70 1
53 71 8
53 72 10
53 73 5
53 74 8
53 75 3
53 76 5
53 77 4
53 78 9
53 79 2
53 80 2
53 81 10
53 82 6
53 83 2
53 84 7
53 85 3
53 86 5
53 87 7
53 88 6
53 89 3
53 90 2
53 91 2
53 92 8
53 93 6
53 94 1
53 95 7
53 96 7
53 97 5
53 98 3
53 99 3
54 0 9
54 1 7
54 2 9
54 3 5
54 4 8
54 5 4
54 6 8
54 7 9
54 8 3
54 9 7
54 10 1
54 11 1
54 12 9
54 13 1
54 14 10
54 15 3
54 16 6
54 17 9
54 18 9
54 19 5
54 20 5
54 21 7
54 22 8
54 23 9
54 24 10
54 25 1
54 26 10
54 27 8
54 28 5
54 29 9
54 30 6
54 31 10
54 32 1
54 33 6
54 34 6
54 35 8
54 36 7
54 37 8
54 38 6
54 39 4
54 40 2
54 41 1
54 42 3
54 43 10
54 44 9
54 45 7
54 46 8
54 47 5
54 48 8
54 49 9
54 50 3
54 51 10
54 52 10
54 53 5
54 55 2
54 56 7
54 57 5
54 58 3
54 59 6
54 60 4
54 61 3
54 62 5
54 63 7
54 64 5
54 65 3
54 66 3
54 67 5
54 68 4
54 69 9
54 70 4
54 71 7
54 72 5
54 73 8
54 74 10
54 75 7
54 76 8
54 77 10
54 78 9
54 79 3
54 80 8
54 81 7
54 82 1
54 83 7
54 84 5
54 85 9
54 86 3
54 87 7
54 88 3
54 89 2
54 90 3
54 91 1
54 92 3
54 93 6
54 94 4
54 95 1
54 96 4
54 97 2
54 98 10
54 99 10
55 0 3
55 1 4
55 2 1
55 3 3
55 4 9
55 5 2
55 6 8
55 7 9
55 8 1
55 9 3
55 10 1
55 11 5
55 12 3
55 13 2
55 14 4
55 15 4
55 16 7
55 17 7
55 18 4
55 19 7
55 20 5
55 21 8
55 22 5
55 23 9
55 24 5
55 25 6
55 26 1
55 27 1
55 28 1
55 29 5
55 30 8
55 31 3
55 32 4
55 33 2
55 34 8
55 35 2
55 36 6
55 37 10
55 38 7
55 39 2
55 40 7
55 41 3
55 42 7
55 43 5
55 44 9
55 45 9
55 46 5
55 47 4
55 48 6
55 49 2
55 50 9
55 51 2
55 52 2
55 53 4
55 54 10
55 56 7
55 57 5
55 58 4
55 59 8
55 60 3
55 61 8
55 62 2
55 63 10
55 64 5
55 65 7
55 66 3
55 67 5
55 68 9
55 69 6
55 70 6
55 71 4
55 72 10
55 73 2
55 74 3
55 75 8
55 76 3
55 77 2
55 78 5
55 79 10
55 80 7
55 81 8
55 82 10
55 83 9
55 84 4
55 85 9
55 86 10
55 87 1
55 88 9
55 89 5
55 90 1
55 91 2
55 92 5
55 93 3
55 94 8
55 95 1
55 96 4
55 97 8
55 98 9
55 99 2
56 0 5
56 1 10
56 2 10
56 3 6
56 4 5
56 5 8
56 6 2
56 7 5
56 8 8
56 9 9
56 10 5
56 11 8
56 12 3
56 13 9
56 14 1
56 15 7
56 16 2
56 17 7
56 18 10
56 19 9
56 20 1
56 21 8
56 22 3
56 23 3
56 24 3
56 25 1
56 26 10
56 27 3
56 28 7
56 29 7
56 30 4
56 31 10
56 32 10
56 33 3
56 34 4
56 35 4
56 36 5
56 37 3
56 38 4
56 39 6
56 40 4
56 41 3
56 42 9
56 43 6
56 44 1
56 45 5
56 46 7
56 47 6
56 48 8
56 49 9
56 50 6
56 51 8
56 52 9
56 53 7
56 54 8
56 55 1
56 57 9
56 58 7
56 59 6
56 60 1
56 61 9
56 62 5
56 63 8
56 64 3
56 65 3
56 66 3
56 67 5
56 68 8
56 69 10
56 70 8
56 71 2
56 72 2
56 73 4
56 74 7
56 75 9
56 76 7
56 77 1
56 78 7
56 79 9
56 80 5
56 81 7
56 82 8
56 83 3
56 84 8
56 85 1
56 86 1
56 87 9
56 88 8
56 89 6
56 90 1
56 91 7
56 92 7
56 93 1
56 94 7
56 95 9
56 96 6
56 97 2
56 98 3
56 99 8
57 0 6
57 1 1
57 2 7
57 3 2
57 4 1
57 5 10
57 6 8
57 7 4
57 8 6
57 9 6
57 10 3
57 11 6
57 12 9
57 13 9
57 14 8
57 15 10
57 16 1
57 17 6
57 18 2
57 19 9
57 20 1
57 21 3
57 22 10
57 23 9
57 24 9
57 25 7
57 26 6
57 27 4
57 28 9
57 29 3
57 30 8
57 31 7
57 32 3
57 33 7
57 34 7
57 35 10
57 36 6
57 37 4
57 38 8
57 39 3
57 40 7
57 41 4
57 42 1
57 43 5
57 44 7
57 45 6
57 46 6
57 47 4
57 48 1
57 49 2
57 50 9
57 51 4
57 52 10
57 53 2
57 54 5
57 55 3
57 56 4
57 58 5
57 59 10
57 60 6
57 61 9
57 62 1
57 63 1
57 64 2
57 65 3
57 66 5
57 67 2
57 68 6
57 69 8
57 70 6
57 71 5
57 72 10
57 73 9
57 74 9
57 75 3
57 76 9
57 77 10
57 78 2
57 79 2
57 80 9
57 81 7
57 82 2
57 83 2
57 84 9
57 85 1
57 86 1
57 87 10
57 88 6
57 89 5
57 90 10
57 91 1
57 92 5
57 93 6
57 94 2
57 95 1
57 96 9
57 97 3
57 98 1
57 99 1
58 0 9
58 1 5
58 2 6
58 3 10
58 4 10
58 5 1
58 6 1
58 7 10
58 8 4
58 9 8
58 10 1
58 11 7
58 12 8
58 13 6
58 14 2
58 15 4
58 16 10
58 17 10
58 18 8
58 19 9
58 20 3
58 21 8
58 22 8
58 23 6
58 24 8
58 25 3
58 26 9
58 27 5
58 28 8
58 29 7
58 30 10
58 31 10
58 32 4
58 33 5
58 34 10
58 35 3
58 36 3
58 37 5
58 38 5
58 39 6
58 40 2
58 41 1
58 42 9
58 43 9
58 44 5
58 45 6
58 46 9
58 47 3
58 48 5
58 49 6
58 50 5
58 51 10
58 52 6
58 53 10
58 54 4
58 55 6
58 56 5
58 57 4
58 59 5
58 60 10
58 61 6
58 62 1
58 63 7
58 64 6
58 65 9
58 66 8
58 67 8
58 68 10
58 69 4
58 70 7
58 71 3
58 72 5
58 73 3
58 74 2
58 75 7
58 76 4
58 77 4
58 78 10
58 79 8
58 80 5
58 81 4
58 82 5
58 83 4
58 84 8
58 85 4
58 86 6
58 87 5
58 88 9
58 89 5
58 90 1
58 91 9
58 92 3
58 93 8
58 94 8
58 95 4
58 96 8
58 97 1
58 98 6
58 99 6
59 0 5
59 1 9
59 2 7
59 3 6
59 4 5
59 5 7
59 6 7
59 7 9
59 8 10
59 9 4
59 10 2
59 11 1
59 12 7
59 13 10
59 14 9
59 15 3
59 16 2
59 17 9
59 18 9
59 19 3
59 20 2
59 21 4
59 22 6
59 23 9
59 24 10
59 25 2
59 26 1
59 27 5
59 28 5
59 29 10
59 30 5
59 31 3
59 32 6
59 33 5
59 34 8
59 35 2
59 36 7
59 37 1
59 38 9
59 39 10
59 40 5
59 41 6
59 42 8
59 43 1
59 44 4
59 45 2
59 46 6
59 47 3
59 48 7
59 49 8
59 50 4
59 51 5
59 52 6
59 53 7
59 54 10
59 55 6
59 56 10
59 57 4
59 58 7
59 60 1
59 61 1
59 62 9
59 63 10
59 64 8
59 65 4
59 66 2
59 67 10
59 68 8
59 69 8
59 70 7
59 71 10
59 72 4
59 73 2
59 74 5
59 75 5
59 76 10
59 77 1
59 78 5
59 79 4
59 80 5
59 81 7
59 82 4
59 83 9
59 84 4
59 85 5
59 86 2
59 87 9
59 88 7
59 89 3
59 90 3
59 91 3
59 92 5
59 93 2
59 94 4
59 95 7
59 96 6
59 97 6
59 98 9
59 99 1
60 0 9
60 1 3
60 2 2
60 3 5
60 4 7
60 5 4
60 6 9
60 7 4
60 8 6
60 9 10
60 10 3
60 11 2
60 12 4
60 13 5
60 14 1
60 15 2
60 16 1
60 17 9
60 18 9
60 19 9
60 20 5
60 21 3
60 22 4
60 23 2
60 24 10
60 25 7
60 26 7
60 27 8
60 28 3
60 29 3
60 30 6
60 31 1
60 32 3
60 33 7
60 34 1
60 35 9
60 36 8
60 37 8
60 38 5
60 39 9
60 40 7
60 41 8
60 42 2
60 43 8
60 44 7
60 45 10
60 46 10
60 47 7
60 48 10
60 49 8
60 50 2
60 51 1
60 52 5
60 53 5
60 54 2
60 55 7
60 56 9
60 57 3
60 58 9
60 59 1
60 61 3
60 62 8
60 63 10
60 64 1
60 65 7
60 66 8
60 67 10
60 68 3
60 69 10
60 70 10
60 71 5
60 72 1
60 73 5
60 74 5
60 75 9
60 76 3
60 77 6
60 78 1
60 79 7
60 80 5
60 81 5
60 82 2
60 83 2
60 84 2
60 85 3
60 86 5
60 87 8
60 88 5
60 89 7
60 90 4
60 91 6
60 92 1
60 93 5
60 94 9
60 95 2
60 96 8
60 97 8
60 98 5
60 99 8
61 0 6
61 1 3
61 2 10
61 3 2
61 4 4
61 5 4
61 6 10
61 7 3
61 8 6
61 9 9
61 10 1
61 11 4
61 12 8
61 13 4
61 14 1
61 15 8
61 16 1
61 17 9
61 18 10
61 19 8
61 20 9
61 21 4
61 22 1
61 23 1
61 24 10
61 25 9
61 26 1
61 27 8
61 28 9
61 29 10
61 30 4
61 31 1
61 32 4
61 33 9
61 34 3
61 35 7
61 36 2
61 37 10
61 38 2
61 39 10
61 40 2
61 41 8
61 42 6
61 43 8
61 44 7
61 45 7
61 46 7
61 47 9
61 48 6
61 49 8
61 50 1
61 51 5
61 52 7
61 53 6
61 54 9
61 55 6
61 56 1
61 57 3
61 58 3
61 59 3
61 60 4
61 62 8
61 63 1
61 64 8
61 65 5
61 66 2
61 67 1
61 68 10
61 69 6
61 70 3
61 71 8
61 72 6
61 73 6
61 74 10
61 75 5
61 76 1
61 77 10
61 78 1
61 79 6
61 80 1
61 81 4
61 82 1
61 83 7
61 84 1
61 85 9
61 86 9
61 87 4
61 88 3
61 89 7
61 90 1
61 91 2
61 92 5
61 93 7
61 94 8
61 95 4
61 96 10
61 97 4
61 98 4
61 99 4
62 0 7
62 1 3
62 2 6
62 3 1
62 4 10
62 5 4
62 6 5
62 7 7
62 8 7
62 9 5
62 10 4
62 11 10
62 12 7
62 13 2
62 14 4
62 15 10
62 16 5
62 17 2
62 18 6
62 19 4
62 20 5
62 21 4
62 22 9
62 23 8
62 24 7
62 25 1
62 26 10
62 27 7
62 28 6
62 29 4
62 30 6
62 31 6
62 32 1
62 33 8
62 34 1
62 35 3
62 36 3
62 37 9
62 38 3
62 39 1
62 40 1
62 41 1
62 42 3
62 43 5
62 44 1
62 45 3
62 46 1
62 47 3
62 48 4
62 49 1
62 50 7
62 51 7
62 52 1
62 53 3
62 54 9
62 55 3
62 56 7
62 57 6
62 58 6
62 59 10
62 60 1
62 61 9
62 63 9
62 64 8
62 65 7
62 66 8
62 67 2
62 68 4
62 69 5
62 70 2
62 71 2
62 72 1
62 73 9
62 74 5
62 75 2
62 76 6
62 77 10
62 78 2
62 79 2
62 80 8
62 81 4
62 82 9
62 83 6
62 84 7
62 85 1
62 86 10
62 87 7
62 88 8
62 89 3
62 90 3
62 91 1
62 92 10
62 93 5
62 94 8
62 95 2
62 96 5
62 97 1
62 98 2
62 99 7
63 0 6
63 1 1
63 2 3
63 3 3
63 4 9
63 5 3
63 6 2
63 7 8
63 8 2
63 9 4
63 10 8
63 11 7
63 12 6
63 13 1
63 14 2
63 15 10
63 16 5
63 17 1
63 18 6
63 19 8
63 20 2
63 21 3
63 22 10
63 23 7
63 24 2
63 25 8
63 26 2
63 27 4
63 28 4
63 29 1
63 30 10
63 31 7
63 32 10
63 33 6
63 34 4
63 35 6
63 36 10
63 37 7
63 38 5
63 39 3
63 40 9
63 41 2
63 42 7
63 43 8
63 44 4
63 45 9
63 46 4
63 47 10
63 48 1
63 49 9
63 50 4
63 51 8
63 52 3
63 53 1
63 54 3
63 55 7
63 56 10
63 57 1
63 58 5
63 59 9
63 60 5
63 61 4
63 62 8
63 64 6
63 65 5
63 66 6
63 67 3
63 68 5
63 69 1
63 70 3
63 71 7
63 72 6
63 73 9
63 74 1
63 75 1
63 76 3
63 77 9
63 78 6
63 79 10
63 80 9
63 81 4
63 82 4
63 83 6
63 84 2
63 85 7
63 86 2
63 87 9
63 88 10
63 89 2
63 90 3
63 91 3
63 92 7
63 93 6
63 94 1
63 95 6
63 96 3
63 97 10
63 98 6
63 99 2
64 0 5
64 1 4
64 2 8
64 3 9
64 4 7
64 5 6
64 6 1
64 7 6
64 8 10
64 9 7
64 10 8
64 11 9
64 12 6
64 13 8
64 14 4
64 15 9
64 16 6
64 17 7
64 18 8
64 19 2
64 20 1
64 21 2
64 22 10
64 23 5
64 24 3
64 25 7
64 26 6
64 27 2
64 28 10
64 29 9
64 30 2
64 31 9
64 32 8
64 33 8
64 34 6
64 35 4
64 36 4
64 37 9
64 38 8
64 39 5
64 40 5
64 41 4
64 42 10
64 43 9
64 44 1
64 45 6
64 46 6
64 47 4
64 48 4
64 49 9
64 50 7
64 51 5
64 52 5
64 53 3
64 54 10
64 55 5
64 56 2
64 57 3
64 58 5
64 59 2
64 60 9
64 61 5
64 62 7
64 63 8
64 65 9
64 66 2
64 67 7
64 68 4
64 69 10
64 70 1
64 71 5
64 72 2
64 73 1
64 74 4
64 75 8
64 76 10
64 77 3
64 78 9
64 79 1
64 80 1
64 81 1
64 82 2
64 83 1
64 84 7
64 85 8
64 86 1
64 87 6
64 88 4
64 89 4
64 90 8
64 91 7
64 92 7
64 93 5
64 94 4
64 95 2
64 96 9
64 97 7
64 98 1
64 99 8
65 0 3
65 1 10
65 2 7
65 3 5
65 4 7
65 5 6
65 6 2
65 7 2
65 8 1
65 9 9
65 10 10
65 11 5
65 12 5
65 13 10
65 14 2
65 15 6
65 16 5
65 17 3
65 18 6
65 19 1
65 20 5
65 21 5
65 22 9
65 23 4
65 24 2
65 25 5
65 26 7
65 27 7
65 28 8
65 29 1
65 30 3
65 31 7
65 32 9
65 33 6
65 34 7
65 35 8
65 36 7
65 37 2
65 38 3
65 39 4
65 40 1
65 41 2
65 42 4
65 43 5
65 44 9
65 45 2
65 46 7
65 47 7
65 48 8
65 49 1
65 50 2
65 51 1
65 52 2
65 53 7
65 54 5
65 55 6
65 56 5
65 57 7
65 58 8
65 59 9
65 60 1
65 61 4
65 62 6
65 63 4
65 64 7
65 66 7
65 67 1
65 68 5
65 69 7
65 70 6
65 71 4
65 72 1
65 73 2
65 74 7
65 75 8
65 76 2
65 77 1
65 78 7
65 79 4
65 80 9
65 81 8
65 82 5
65 83 10
65 84 5
65 85 10
65 86 6
65 87 3
65 88 8
65 89 8
65 90 9
65 91 3
65 92 6
65 93 1
65 94 8
65 95 10
65 96 3
65 97 5
65 98 10
65 99 2
66 0 2
66 1 8
66 2 4
66 3 2
66 4 6
66 5 9
66 6 9
66 7 3
66 8 7
66 9 5
66 10 9
66 11 8
66 12 8
66 13 10
66 14 7
66 15 1
66 16 8
66 17 2
66 18 9
66 19 4
66 20 9
66 21 8
66 22 10
66 23 9
66 24 9
66 25 9
66 26 2
66 27 3
66 28 9
66 29 8
66 30 4
66 31 10
66 32 2
66 33 10
66 34 2
66 35 2
66 36 3
66 37 10
66 38 1
66 39 6
66 40 9
66 41 5
66 42 8
66 43 6
66 44 6
66 45 10
66 46 8
66 47 9
66 48 1
66 49 10
66 50 1
66 51 5
66 52 6
66 53 4
66 54 2
66 55 3
66 56 4
66 57 9
66 58 4
66 59 1
66 60 7
66 61 10
66 62 1
66 63 4
66 64 3
66 65 4
66 67 1
66 68 8
66 69 6
66 70 4
66 71 10
66 72 7
66 73 9
66 74 4
66 75 8
66 76 1
66 77 2
66 78 8
66 79 8
66 80 6
66 81 8
66 82 8
66 83 8
66 84 4
66 85 9
66 86 6
66 87 4
66 88 9
66 89 2
66 90 8
66 91 1
66 92 5
66 93 3
66 94 3
66 95 8
66 96 4
66 97 6
66 98 2
66 99 6
67 0 6
67 1 8
67 2 2
67 3 5
67 4 5
67 5 8
67 6 5
67 7 7
67 8 3
67 9 7
67 10 5
67 11 5
67 12 2
67 13 3
67 14 9
67 15 3
67 16 5
67 17 8
67 18 3
67 19 1
67 20 9
67 21 5
67 22 10
67 23 6
67 24 7
67 25 4
67 26 7
67 27 3
67 28 4
67 29 2
67 30 8
67 31 6
67 32 10
67 33 7
67 34 2
67 35 1
67 36 3
67 37 3
67 38 1
67 39 9
67 40 10
67 41 3
67 42 1
67 43 1
67 44 8
67 45 3
67 46 1
67 47 2
67 48 10
67 49 6
67 50 1
67 51 3
67 52 1
67 53 4
67 54 3
67 55 7
67 56 9
67 57 1
67 58 5
67 59 3
67 60 7
67 61 8
67 62 4
67 63 10
67 64 6
67 65 10
67 66 9
67 68 7
67 69 6
67 70 10
67 71 8
67 72 10
67 73 4
67 74 2
67 75 3
67 76 2
67 77 9
67 78 4
67 79 3
67 80 2
67 81 5
67 82 7
67 83 6
67 84 7
67 85 8
67 86 3
67 87 9
67 88 7
67 89 8
67 90 7
67 91 8
67 92 5
67 93 6
67 94 5
67 95 4
67 96 1
67 97 3
67 98 7
67 99 3
68 0 5
68 1 5
68 2 10
68 3 4
68 4 7
68 5 7
68 6 2
68 7 9
68 8 5
68 9 9
68 10 4
68 11 4
68 12 10
68 13 6
68 14 6
68 15 10
68 16 5
68 17 8
68 18 10
68 19 1
68 20 9
68 21 10
68 22 8
68 23 3
68 24 6
68 25 3
68 26 1
68 27 3
68 28 9
68 29 10
68 30 9
68 31 1
68 32 4
68 33 2
68 34 5
68 35 7
68 36 8
68 37 2
68 38 10
68 39 4
68 40 10
68 41 7
68 42 5
68 43 8
68 44 10
68 45 9
68 46 7
68 47 3
68 48 3
68 49 6
68 50 3
68 51 9
68 52 2
68 53 8
68 54 2
68 55 3
68 56 10
68 57 10
68 58 2
68 59 2
68 60 2
68 61 6
68 62 5
68 63 4
68 64 6
68 65 8
68 66 7
68 67 6
68 69 9
68 70 10
68 71 2
68 72 9
68 73 5
68 74 10
68 75 8
68 76 10
68 77 9
68 78 2
68 79 6
68 80 7
68 81 9
68 82 2
68 83 8
68 84 8
68 85 6
68 86 5
68 87 9
68 88 7
68 89 4
68 90 1
68 91 3
68 92 4
68 93 5
68 94 1
68 95 8
68 96 3
68 97 7
68 98 1
68 99 1
69 0 4
69 1 4
69 2 9
69 3 5
69 4 6
69 5 3
69 6 2
69 7 8
69 8 10
69 9 1
69 10 9
69 11 10
69 12 8
69 13 9
69 14 4
69 15 5
69 16 8
69 17 7
69 18 4
69 19 10
69 20 1
69 21 10
69 22 2
69 23 7
69 24 1
69 25 6
69 26 9
69 27 3
69 28 4
69 29 6
69 30 3
69 31 6
69 32 9
69 33 10
69 34 9
69 35 10
69 36 7
69 37 3
69 38 8
69 39 3
69 40 6
69 41 5
69 42 3
69 43 8
69 44 6
69 45 1
69 46 9
69 47 10
69 48 2
69 49 9
69 50 9
69 51 7
69 52 2
69 53 2
69 54 4
69 55 5
69 56 5
69 57 9
69 58 7
69 59 5
69 60 8
69 61 6
69 62 4
69 63 6
69 64 9
69 65 6
69 66 1
69 67 5
69 68 7
69 70 4
69 71 9
69 72 2
69 73 4
69 74 1
69 75 10
69 76 6
69 77 1
69 78 3
69 79 9
69 80 2
69 81 9
69 82 7
69 83 1
69 84 3
69 85 2
69 86 10
69 87 10
69 88 8
69 89 8
69 90 8
69 91 10
69 92 10
69 93 4
69 94 9
69 95 6
69 96 3
69 97 9
69 98 2
69 99 3
70 0 3
70 1 8
70 2 6
70 3 4
70 4 6
70 5 8
70 6 6
70 7 1
70 8 5
70 9 10
70 10 4
70 11 4
70 12 4
70 13 7
70 14 1
70 15 7
70 16 8
70 17 8
70 18 9
70 19 5
70 20 1
70 21 7
70 22 9
70 23 9
70 24 5
70 25 5
70 26 10
70 27 7
70 28 3
70 29 3
70 30 8
70 31 4
70 32 9
70 33 9
70 34 2
70 35 10
70 36 7
70 37 10
70 38 5
70 39 2
70 40 2
70 41 3
70 42 6
70 43 9
70 44 1
70 45 9
70 46 7
70 47 7
70 48 1
70 49 7
70 50 1
70 51 4
70 52 7
70 53 1
70 54 10
70 55 5
70 56 6
70 57 4
70 58 2
70 59 9
70 60 3
70 61 9
70 62 9
70 63 2
70 64 6
70 65 7
70 66 5
70 67 10
70 68 6
70 69 3
70 71 1
70 72 2
70 73 7
70 74 6
70 75 2
70 76 2
70 77 4
70 78 9
70 79 5
70 80 5
70 81 4
70 82 4
70 83 7
70 84 2
70 85 3
70 86 7
70 87 1
70 88 5
70 89 10
70 90 1
70 91 5
70 92 3
70 93 7
70 94 5
70 95 5
70 96 3
70 97 4
70 98 4
70 99 7
71 0 7
71 1 4
71 2 8
71 3 8
71 4 2
71 5 2
71 6 1
71 7 6
71 8 10
71 9 4
71 10 2
71 11 9
71 12 9
71 13 4
71 14 7
71 15 7
71 16 6
71 17 6
71 18 1
71 19 10
71 20 4
71 21 6
71 22 2
71 23 5
71 24 2
71 25 3
71 26 2
71 27 6
71 28 8
71 29 6
71 30 5
71 31 7
71 32 3
71 33 5
71 34 6
71 35 5
71 36 3
71 37 6
71 38 8
71 39 5
71 40 5
71 41 9
71 42 6
71 43 1
71 44 4
71 45 5
71 46 3
71 47 3
71 48 6
71 49 3
71 50 5
71 51 8
71 52 9
71 53 9
71 54 3
71 55 6
71 56 4
71 57 8
71 58 6
71 59 9
71 60 8
71 61 6
71 62 3
71 63 2
71 64 10
71 65 7
71 66 5
71 67 9
71 68 10
71 69 10
71 70 3
71 72 5
71 73 3
71 74 7
71 75 8
71 76 4
71 77 5
71 78 2
71 79 1
71 80 1
71 81 10
71 82 3
71 83 1
71 84 7
71 85 1
71 86 8
71 87 9
71 88 9
71 89 7
71 90 3
71 91 10
71 92 4
71 93 3
71 94 2
71 95 10
71 96 5
71 97 10
71 98 9
71 99 8
72 0 9
72 1 1
72 2 7
72 3 10
72 4 8
72 5 8
72 6 5
72 7 9
72 8 1
72 9 10
72 10 3
72 11 9
72 12 5
72 13 9
72 14 4
72 15 10
72 16 9
72 17 8
72 18 6
72 19 7
72 20 10
72 21 8
72 22 9
72 23 5
72 24 6
72 25 4
72 26 3
72 27 10
72 28 6
72 29 3
72 30 10
72 31 3
72 32 4
72 33 6
72 34 4
72 35 2
72 36 9
72 37 7
72 38 6
72 39 2
72 40 6
72 41 4
72 42 3
72 43 2
72 44 8
72 45 9
72 46 10
72 47 9
72 48 10
72 49 1
72 50 4
72 51 1
72 52 6
72 53 10
72 54 8
72 55 5
72 56 5
72 57 3
72 58 8
72 59 1
72 60 8
72 61 4
72 62 8
72 63 2
72 64 4
72 65 2
72 66 3
72 67 1
72 68 9
72 69 8
72 70 6
72 71 6
72 73 10
72 74 1
72 75 10
72 76 10
72 77 2
72 78 8
72 79 4
72 80 4
72 81 9
72 82 1
72 83 7
72 84 9
72 85 3
72 86 4
72 87 10
72 88 9
72 89 9
72 90 4
72 91 3
72 92 6
72 93 8
72 94 3
72 95 9
72 96 8
72 97 6
72 98 8
72 99 10
73 0 1
73 1 3
73 2 1
73 3 2
73 4 10
73 5 1
73 6 1
73 7 1
73 8 2
73 9 3
73 10 3
73 11 7
73 12 7
73 13 8
73 14 3
73 15 7
73 16 3
73 17 1
73 18 4
73 19 5
73 20 4
73 21 4
73 22 1
73 23 1
73 24 9
73 25 8
73 26 6
73 27 3
73 28 2
73 29 9
73 30 7
73 31 6
73 32 6
73 33 8
73 34 2
73 35 8
73 36 9
73 37 8
73 38 5
73 39 10
73 40 4
73 41 10
73 42 10
73 43 1
73 44 4
73 45 6
73 46 9
73 47 8
73 48 10
73 49 8
73 50 6
73 51 10
73 52 7
73 53 3
73 54 3
73 55 2
73 56 9
73 57 10
73 58 1
73 59 6
73 60 3
73 61 5
73 62 6
73 63 6
73 64 9
73 65 8
73 66 7
73 67 3
73 68 9
73 69 4
73 70 2
73 71 7
73 72 9
73 74 6
73 75 6
73 76 9
73 77 4
73 78 4
73 79 4
73 80 6
73 81 4
73 82 10
73 83 5
73 84 7
73 85 3
73 86 2
73 87 10
73 88 2
73 89 1
73 90 3
73 91 1
73 92 2
73 93 7
73 94 6
73 95 8
73 96 7
73 97 4
73 98 10
73 99 5
74 0 2
74 1 6
74 2 2
74 3 8
74 4 7
74 5 7
74 6 6
74 7 2
74 8 7
74 9 8
74 10 8
74 11 9
74 12 3
74 13 10
74 14 6
74 15 5
74 16 9
74 17 4
74 18 9
74 19 4
74 20 6
74 21 5
74 22 10
74 23 7
74 24 6
74 25 4
74 26 6
74 27 4
74 28 9
74 29 7
74 30 5
74 31 6
74 32 3
74 33 5
74 34 6
74 35 9
74 36 7
74 37 6
74 38 7
74 39 2
74 40 7
74 41 6
74 42 8
74 43 8
74 44 7
74 45 2
74 46 2
74 47 3
74 48 10
74 49 10
74 50 2
74 51 7
74 52 10
74 53 3
74 54 6
74 55 3
74 56 10
74 57 9
74 58 6
74 59 2
74 60 7
74 61 7
74 62 3
74 63 2
74 64 6
74 65 8
74 66 2
74 67 5
74 68 10
74 69 5
74 70 5
74 71 5
74 72 6
74 73 3
74 75 8
74 76 1
74 77 2
74 78 3
74 79 6
74 80 2
74 81 6
74 82 9
74 83 7
74 84 7
74 85 3
74 86 3
74 87 10
74 88 2
74 89 7
74 90 7
74 91 9
74 92 4
74 93 9
74 94 5
74 95 1
74 96 10
74 97 3
74 98 6
74 99 4
75 0 2
75 1 8
75 2 9
75 3 2
75 4 2
75 5 3
75 6 7
75 7 1
75 8 7
75 9 1
75 10 6
75 11 10
75 12 2
75 13 10
75 14 2
75 15 3
75 16 2
75 17 9
75 18 4
75 19 3
75 20 7
75 21 2
75 22 4
75 23 10
75 24 4
75 25 3
75 26 3
75 27 10
75 28 4
75 29 1
75 30 2
75 31 4
75 32 3
75 33 9
75 34 7
75 35 1
75 36 3
75 37 2
75 38 4
75 39 8
75 40 6
75 41 5
75 42 5
75 43 6
75 44 6
75 45 4
75 46 5
75 47 2
75 48 10
75 49 2
75 50 7
75 51 10
75 52 5
75 53 10
75 54 10
75 55 4
75 56 10
75 57 4
75 58 8
75 59 3
75 60 4
75 61 9
75 62 10
75 63 6
75 64 1
75 65 7
75 66 6
75 67 6
75 68 2
75 69 3
75 70 5
75 71 10
75 72 9
75 73 10
75 74 10
75 76 1
75 77 3
75 78 1
75 79 10
75 80 1
75 81 3
75 82 1
75 83 6
75 84 7
75 85 3
75 86 4
75 87 10
75 88 5
75 89 5
75 90 5
75 91 6
75 92 10
75 93 5
75 94 9
75 95 1
75 96 9
75 97 9
75 98 5
75 99 5
76 0 10
76 1 1
76 2 5
76 3 3
76 4 10
76 5 4
76 6 4
76 7 2
76 8 10
76 9 8
76 10 5
76 11 8
76 12 5
76 13 5
76 14 10
76 15 8
76 16 9
76 17 2
76 18 4
76 19 1
76 20 1
76 21 1
76 22 10
76 23 7
76 24 7
76 25 7
76 26 3
76 27 7
76 28 6
76 29 6
76 30 9
76 31 9
76 32 5
76 33 7
76 34 9
76 35 1
76 36 9
76 37 5
76 38 4
76 39 4
76 40 10
76 41 3
76 42 5
76 43 3
76 44 8
76 45 1
76 46 2
76 47 4
76 48 2
76 49 1
76 50 4
76 51 8
76 52 6
76 53 1
76 54 1
76 55 8
76 56 7
76 57 5
76 58 4
76 59 10
76 60 8
76 61 2
76 62 5
76 63 1
76 64 3
76 65 5
76 66 2
76 67 4
76 68 2
76 69 10
76 70 8
76 71 1
76 72 10
76 73 4
76 74 3
76 75 8
76 77 3
76 78 8
76 79 5
76 80 5
76 81 6
76 82 5
76 83 5
76 84 4
76 85 10
76 86 7
76 87 3
76 88 3
76 89 8
76 90 6
76 91 10
76 92 9
76 93 3
76 94 10
76 95 6
76 96 6
76 97 9
76 98 1
76 99 7
77 0 4
77 1 4
77 2 1
77 3 2
77 4 2
77 5 6
77 6 7
77 7 4
77 8 7
77 9 7
77 10 5
77 11 5
77 12 5
77 13 5
77 14 1
77 15 7
77 16 1
77 17 10
77 18 4
77 19 10
77 20 2
77 21 5
77 22 10
77 23 10
77 24 5
77 25 2
77 26 10
77 27 8
77 28 10
77 29 8
77 30 7
77 31 1
77 32 2
77 33 4
77 34 8
77 35 6
77 36 1
77 37 1
77 38 7
77 39 10
77 40 3
77 41 7
77 42 6
77 43 1
77 44 8
77 45 10
77 46 8
77 47 2
77 48 7
77 49 2
77 50 1
77 51 10
77 52 6
77 53 7
77 54 9
77 55 10
77 56 5
77 57 1
77 58 2
77 59 2
77 60 10
77 61 1
77 62 9
77 63 4
77 64 9
77 65 3
77 66 5
77 67 4
77 68 1
77 69 9
77 70 6
77 71 4
77 72 10
77 73 4
77 74 3
77 75 6
77 76 1
77 78 6
77 79 5
77 80 3
77 81 6
77 82 8
77 83 5
77 84 2
77 85 6
77 86 2
77 87 9
77 88 8
77 89 10
77 90 8
77 91 7
77 92 7
77 93 2
77 94 6
77 95 6
77 96 9
77 97 9
77 98 1
77 99 3
78 0 6
78 1 6
78 2 1
78 3 10
78 4 3
78 5 10
78 6 2
78 7 3
78 8 7
78 9 5
78 10 8
78 11 3
78 12 7
78 13 5
78 14 1
78 15 1
78 16 7
78 17 6
78 18 8
78 19 5
78 20 8
78 21 8
78 22 3
78 23 4
78 24 4
78 25 8
78 26 2
78 27 1
78 28 2
78 29 1
78 30 3
78 31 5
78 32 1
78 33 7
78 34 9
78 35 9
78 36 4
78 37 4
78 38 5
78 39 8
78 40 5
78 41 3
78 42 8
78 43 3
78 44 2
78 45 4
78 46 4
78 47 10
78 48 1
78 49 3
78 50 7
78 51 6
78 52 3
78 53 10
78 54 8
78 55 2
78 56 4
78 57 3
78 58 3
78 59 7
78 60 3
78 61 3
78 62 6
78 63 3
78 64 5
78 65 4
78 66 5
78 67 6
78 68 3
78 69 1
78 70 4
78 71 6
78 72 9
78 73 1
78 74 4
78 75 4
78 76 5
78 77 9
78 79 4
78 80 8
78 81 7
78 82 4
78 83 10
78 84 9
78 85 5
78 86 10
78 87 8
78 88 6
78 89 6
78 90 1
78 91 7
78 92 10
78 93 10
78 94 1
78 95 1
78 96 8
78 97 7
78 98 2
78 99 3
79 0 10
79 1 9
79 2 9
79 3 1
79 4 3
79 5 8
79 6 4
79 7 9
79 8 5
79 9 2
79 10 10
79 11 3
79 12 10
79 13 8
79 14 10
79 15 9
79 16 1
79 17 3
79 18 2
79 19 4
79 20 9
79 21 2
79 22 3
79 23 6
79 24 9
79 25 2
79 26 6
79 27 4
79 28 9
79 29 2
79 30 10
79 31 9
79 32 8
79 33 9
79 34 1
79 35 4
79 36 6
79 37 3
79 38 7
79 39 2
79 40 6
79 41 9
79 42 2
79 43 8
79 44 4
79 45 5
79 46 4
79 47 1
79 48 7
79 49 8
79 50 1
79 51 4
79 52 6
79 53 1
79 54 1
79 55 1
79 56 3
79 57 2
79 58 1
79 59 8
79 60 10
79 61 8
79 62 3
79 63 3
79 64 2
79 65 5
79 66 1
79 67 10
79 68 8
79 69 5
79 70 3
79 71 5
79 72 7
79 73 2
79 74 10
79 75 10
79 76 5
79 77 8
79 78 8
79 80 6
79 81 5
79 82 1
79 83 5
79 84 9
79 85 3
79 86 7
79 87 5
79 88 2
79 89 3
79 90 5
79 91 8
79 92 9
79 93 3
79 94 2
79 95 6
79 96 1
79 97 5
79 98 4
79 99 1
80 0 10
80 1 3
80 2 4
80 3 8
80 4 9
80 5 1
80 6 3
80 7 7
80 8 7
80 9 7
80 10 2
80 11 6
80 12 1
80 13 5
80 14 9
80 15 4
80 16 5
80 17 8
80 18 2
80 19 2
80 20 7
80 21 9
80 22 2
80 23 2
80 24 7
80 25 8
80 26 10
80 27 10
80 28 7
80 29 6
80 30 5
80 31 5
80 32 7
80 33 7
80 34 9
80 35 4
80 36 9
80 37 4
80 38 4
80 39 8
80 40 2
80 41 4
80 42 1
80 43 8
80 44 6
80 45 3
80 46 8
80 47 9
80 48 8
80 49 10
80 50 8
80 51 2
80 52 5
80 53 3
80 54 1
80 55 9
80 56 4
80 57 3
80 58 5
80 59 2
80 60 6
80 61 7
80 62 10
80 63 2
80 64 2
80 65 3
80 66 1
80 67 6
80 68 6
80 69 2
80 70 2
80 71 5
80 72 10
80 73 8
80 74 1
80 75 8
80 76 6
80 77 6
80 78 5
80 79 2
80 81 4
80 82 8
80 83 7
80 84 10
80 85 6
80 86 6
80 87 3
80 88 2
80 89 6
80 90 5
80 91 8
80 92 2
80 93 2
80 94 9
80 95 1
80 96 3
80 97 1
80 98 6
80 99 7
81 0 3
81 1 7
81 2 7
81 3 2
81 4 5
81 5 1
81 6 4
81 7 3
81 8 8
81 9 10
81 10 10
81 11 5
81 12 7
81 13 5
81 14 5
81 15 2
81 16 6
81 17 3
81 18 1
81 19 5
81 20 8
81 21 1
81 22 3
81 23 8
81 24 8
81 25 9
81 26 10
81 27 2
81 28 8
81 29 9
81 30 7
81 31 3
81 32 6
81 33 7
81 34 10
81 35 3
81 36 3
81 37 1
81 38 1
81 39 8
81 40 5
81 41 6
81 42 6
81 43 2
81 44 5
81 45 4
81 46 4
81 47 5
81 48 1
81 49 2
81 50 5
81 51 3
81 52 1
81 53 3
81 54 1
81 55 3
81 56 7
81 57 5
81 58 1
81 59 5
81 60 8
81 61 4
81 62 10
81 63 5
81 64 8
81 65 6
81 66 6
81 67 7
81 68 1
81 69 4
81 70 5
81 71 10
81 72 7
81 73 4
81 74 5
81 75 4
81 76 10
81 77 9
81 78 9
81 79 7
81 80 7
81 82 8
81 83 1
81 84 6
81 85 3
81 86 8
81 87 5
81 88 4
81 89 9
81 90 9
81 91 10
81 92 10
81 93 8
81 94 1
81 95 7
81 96 5
81 97 1
81 98 10
81 99 3
82 0 5
82 1 5
82 2 3
82 3 5
82 4 8
82 5 5
82 6 5
82 7 2
82 8 2
82 9 6
82 10 8
82 11 2
82 12 7
82 13 4
82 14 5
82 15 5
82 16 8
82 17 1
82 18 3
82 19 3
82 20 2
82 21 6
82 22 10
82 23 9
82 24 3
82 25 9
82 26 1
82 27 1
82 28 7
82 29 5
82 30 9
82 31 7
82 32 6
82 33 5
82 34 2
82 35 1
82 36 1
82 37 10
82 38 1
82 39 1
82 40 1
82 41 9
82 42 5
82 43 2
82 44 5
82 45 8
82 46 5
82 47 5
82 48 2
82 49 4
82 50 9
82 51 7
82 52 6
82 53 8
82 54 2
82 55 10
82 56 3
82 57 2
82 58 10
82 59 9
82 60 7
82 61 6
82 62 1
82 63 9
82 64 8
82 65 6
82 66 5
82 67 3
82 68 7
82 69 7
82 70 4
82 71 10
82 72 8
82 73 5
82 74 8
82 75 7
82 76 9
82 77 4
82 78 5
82 79 3
82 80 3
82 81 10
82 83 8
82 84 5
82 85 8
82 86 10
82 87 7
82 88 9
82 89 1
82 90 8
82 91 1
82 92 5
82 93 5
82 94 8
82 95 1
82 96 6
82 97 4
82 98 2
82 99 9
83 0 8
83 1 5
83 2 9
83 3 4
83 4 6
83 5 6
83 6 7
83 7 4
83 8 10
83 9 3
83 10 4
83 11 4
83 12 7
83 13 4
83 14 2
83 15 5
83 16 4
83 17 8
83 18 2
83 19 5
83 20 8
83 21 1
83 22 2
83 23 7
83 24 9
83 25 6
83 26 9
83 27 8
83 28 1
83 29 3
83 30 4
83 31 6
83 32 2
83 33 3
83 34 7
83 35 8
83 36 1
83 37 3
83 38 3
83 39 4
83 40 9
83 41 3
83 42 4
83 43 6
83 44 8
83 45 2
83 46 10
83 47 7
83 48 2
83 49 2
83 50 6
83 51 1
83 52 5
83 53 1
83 54 8
83 55 3
83 56 6
83 57 2
83 58 1
83 59 6
83 60 9
83 61 4
83 62 5
83 63 7
83 64 3
83 65 2
83 66 3
83 67 3
83 68 2
83 69 3
83 70 10
83 71 10
83 72 8
83 73 7
83 74 6
83 75 6
83 76 2
83 77 10
83 78 5
83 79 4
83 80 8
83 81 4
83 82 7
83 84 8
83 85 7
83 86 5
83 87 5
83 88 6
83 89 9
83 90 10
83 91 6
83 92 4
83 93 8
83 94 2
83 95 9
83 96 7
83 97 8
83 98 3
83 99 10
84 0 2
84 1 2
84 2 5
84 3 9
84 4 2
84 5 7
84 6 5
84 7 4
84 8 9
84 9 8
84 10 4
84 11 3
84 12 7
84 13 7
84 14 1
84 15 6
84 16 10
84 17 8
84 18 7
84 19 5
84 20 7
84 21 9
84 22 5
84 23 10
84 24 5
84 25 6
84 26 4
84 27 5
84 28 1
84 29 9
84 30 3
84 31 3
84 32 9
84 33 8
84 34 10
84 35 1
84 36 2
84 37 3
84 38 7
84 39 4
84 40 4
84 41 2
84 42 6
84 43 5
84 44 8
84 45 1
84 46 3
84 47 6
84 48 9
84 49 5
84 50 7
84 51 5
84 52 7
84 53 8
84 54 1
84 55 2
84 56 8
84 57 1
84 58 5
84 59 2
84 60 8
84 61 8
84 62 2
84 63 10
84 64 1
84 65 1
84 66 5
84 67 8
84 68 8
84 69 5
84 70 3
84 71 7
84 72 4
84 73 5
84 74 1
84 75 4
84 76 8
84 77 8
84 78 5
84 79 4
84 80 8
84 81 6
84 82 5
84 83 9
84 85 9
84 86 1
84 87 4
84 88 3
84 89 3
84 90 6
84 91 6
84 92 7
84 93 5
84 94 7
84 95 2
84 96 4
84 97 8
84 98 5
84 99 4
85 0 4
85 1 2
85 2 9
85 3 3
85 4 7
85 5 8
85 6 1
85 7 5
85 8 3
85 9 6
85 10 4
85 11 10
85 12 6
85 13 5
85 14 9
85 15 7
85 16 3
85 17 7
85 18 3
85 19 6
85 20 3
85 21 1
85 22 9
85 23 2
85 24 3
85 25 10
85 26 2
85 27 5
85 28 5
85 29 4
85 30 2
85 31 7
85 32 4
85 33 1
85 34 1
85 35 6
85 36 8
85 37 2
85 38 3
85 39 1
85 40 7
85 41 2
85 42 10
85 43 9
85 44 6
85 45 9
85 46 7
85 47 2
85 48 8
85 49 3
85 50 10
85 51 4
85 52 3
85 53 4
85 54 2
85 55 2
85 56 6
85 57 5
85 58 4
85 59 3
85 60 2
85 61 1
85 62 4
85 63 9
85 64 5
85 65 8
85 66 7
85 67 5
85 68 9
85 69 2
85 70 5
85 71 1
85 72 3
85 73 2
85 74 4
85 75 10
85 76 10
85 77 6
85 78 8
85 79 6
85 80 10
85 81 3
85 82 5
85 83 10
85 84 1
85 86 7
85 87 7
85 88 5
85 89 7
85 90 7
85 91 9
85 92 5
85 93 2
85 94 4
85 95 5
85 96 8
85 97 8
85 98 5
85 99 9
86 0 6
86 1 10
86 2 6
86 3 1
86 4 3
86 5 6
86 6 6
86 7 8
86 8 4
86 9 6
86 10 2
86 11 1
86 12 6
86 13 1
86 14 10
86 15 9
86 16 4
86 17 2
86 18 6
86 19 8
86 20 2
86 21 9
86 22 5
86 23 10
86 24 10
86 25 3
86 26 2
86 27 4
86 28 2
86 29 6
86 30 9
86 31 1
86 32 10
86 33 2
86 34 1
86 35 8
86 36 8
86 37 3
86 38 10
86 39 9
86 40 5
86 41 3
86 42 5
86 43 4
86 44 5
86 45 5
86 46 3
86 47 9
86 48 8
86 49 7
86 50 3
86 51 2
86 52 6
86 53 9
86 54 5
86 55 2
86 56 8
86 57 7
86 58 6
86 59 8
86 60 8
86 61 3
86 62 7
86 63 9
86 64 4
86 65 10
86 66 9
86 67 4
86 68 1
86 69 10
86 70 10
86 71 2
86 72 1
86 73 8
86 74 4
86 75 8
86 76 1
86 77 9
86 78 9
86 79 3
86 80 7
86 81 8
86 82 1
86 83 7
86 84 1
86 85 2
86 87 5
86 88 3
86 89 5
86 90 10
86 91 3
86 92 2
86 93 9
86 94 8
86 95 8
86 96 5
86 97 2
86 98 4
86 99 9
87 0 7
87 1 8
87 2 3
87 3 10
87 4 8
87 5 1
87 6 6
87 7 7
87 8 10
87 9 7
87 10 9
87 11 5
87 12 5
87 13 8
87 14 8
87 15 2
87 16 7
87 17 3
87 18 2
87 19 5
87 20 2
87 21 6
87 22 10
87 23 2
87 24 6
87 25 7
87 26 8
87 27 5
87 28 3
87 29 1
87 30 4
87 31 3
87 32 10
87 33 1
87 34 4
87 35 1
87 36 8
87 37 6
87 38 3
87 39 7
87 40 2
87 41 10
87 42 7
87 43 1
87 44 10
87 45 4
87 46 6
87 47 1
87 48 2
87 49 10
87 50 10
87 51 2
87 52 2
87 53 6
87 54 5
87 55 6
87 56 4
87 57 4
87 58 1
87 59 6
87 60 4
87 61 5
87 62 4
87 63 4
87 64 5
87 65 6
87 66 5
87 67 5
87 68 7
87 69 3
87 70 5
87 71 4
87 72 5
87 73 5
87 74 10
87 75 7
87 76 6
87 77 7
87 78 6
87 79 4
87 80 5
87 81 6
87 82 5
87 83 1
87 84 7
87 85 4
87 86 5
87 88 9
87 89 10
87 90 10
87 91 7
87 92 10
87 93 8
87 94 1
87 95 5
87 96 9
87 97 6
87 98 4
87 99 3
88 0 1
88 1 1
88 2 7
88 3 4
88 4 4
88 5 6
88 6 5
88 7 5
88 8 2
88 9 10
88 10 1
88 11 7
88 12 7
88 13 2
88 14 1
88 15 1
88 16 6
88 17 8
88 18 7
88 19 5
88 20 10
88 21 3
88 22 10
88 23 10
88 24 8
88 25 10
88 26 1
88 27 7
88 28 2
88 29 6
88 30 6
88 31 7
88 32 3
88 33 6
88 34 6
88 35 5
88 36 6
88 37 8
88 38 4
88 39 5
88 40 8
88 41 2
88 42 1
88 43 1
88 44 7
88 45 3
88 46 6
88 47 1
88 48 4
88 49 10
88 50 1
88 51 4
88 52 8
88 53 8
88 54 6
88 55 6
88 56 2
88 57 2
88 58 3
88 59 1
88 60 9
88 61 4
88 62 7
88 63 1
88 64 2
88 65 4
88 66 8
88 67 4
88 68 2
88 69 3
88 70 4
88 71 2
88 72 1
88 73 7
88 74 10
88 75 7
88 76 1
88 77 5
88 78 2
88 79 5
88 80 8
88 81 4
88 82 4
88 83 5
88 84 1
88 85 1
88 86 4
88 87 9
88 89 2
88 90 4
88 91 6
88 92 7
88 93 1
88 94 9
88 95 1
88 96 10
88 97 5
88 98 2
88 99 6
89 0 10
89 1 3
89 2 4
89 3 8
89 4 2
89 5 2
89 6 9
89 7 10
89 8 3
89 9 1
89 10 3
89 11 1
89 12 9
89 13 1
89 14 2
89 15 3
89 16 4
89 17 10
89 18 6
89 19 1
89 20 8
89 21 4
89 22 4
89 23 2
89 24 3
89 25 10
89 26 8
89 27 5
89 28 3
89 29 9
89 30 9
89 31 3
89 32 6
89 33 7
89 34 8
89 35 5
89 36 2
89 37 9
89 38 9
89 39 7
89 40 10
89 41 4
89 42 1
89 43 9
89 44 8
89 45 2
89 46 3
89 47 8
89 48 9
89 49 3
89 50 4
89 51 7
89 52 3
89 53 10
89 54 5
89 55 8
89 56 1
89 57 7
89 58 6
89 59 6
89 60 1
89 61 6
89 62 7
89 63 9
89 64 6
89 65 1
89 66 10
89 67 7
89 68 10
89 69 3
89 70 4
89 71 1
89 72 8
89 73 4
89 74 7
89 75 7
89 76 6
89 77 1
89 78 2
89 79 1
89 80 7
89 81 6
89 82 8
89 83 3
89 84 4
89 85 2
89 86 6
89 87 1
89 88 7
89 90 10
89 91 5
89 92 6
89 93 7
89 94 4
89 95 5
89 96 10
89 97 9
89 98 5
89 99 2
90 0 2
90 1 5
90 2 3
90 3 4
90 4 8
90 5 4
90 6 4
90 7 7
90 8 2
90 9 3
90 10 1
90 11 7
90 12 10
90 13 8
90 14 3
90 15 7
90 16 1
90 17 8
90 18 7
90 19 8
90 20 4
90 21 2
90 22 5
90 23 5
90 24 1
90 25 10
90 26 1
90 27 6
90 28 7
90 29 9
90 30 8
90 31 2
90 32 1
90 33 1
90 34 10
90 35 9
90 36 10
90 37 6
90 38 10
90 39 9
90 40 1
90 41 4
90 42 2
90 43 1
90 44 9
90 45 3
90 46 10
90 47 9
90 48 4
90 49 1
90 50 5
90 51 3
90 52 1
90 53 10
90 54 8
90 55 8
90 56 4
90 57 5
90 58 6
90 59 2
90 60 5
90 61 8
90 62 8
90 63 8
90 64 3
90 65 9
90 66 7
90 67 1
90 68 7
90 69 4
90 70 5
90 71 1
90 72 9
90 73 3
90 74 8
90 75 8
90 76 10
90 77 5
90 78 4
90 79 2
90 80 3
90 81 9
90 82 7
90 83 7
90 84 7
90 85 10
90 86 10
90 87 2
90 88 2
90 89 10
90 91 7
90 92 1
90 93 3
90 94 6
90 95 4
90 96 1
90 97 10
90 98 2
90 99 9
91 0 9
91 1 4
91 2 8
91 3 7
91 4 2
91 5 10
91 6 1
91 7 3
91 8 10
91 9 5
91 10 9
91 11 3
91 12 7
91 13 1
91 14 4
91 15 1
91 16 2
91 17 2
91 18 8
91 19 10
91 20 3
91 21 8
91 22 7
91 23 8
91 24 3
91 25 2
91 26 6
91 27 2
91 28 10
91 29 2
91 30 3
91 31 8
91 32 10
91 33 6
91 34 3
91 35 8
91 36 3
91 37 9
91 38 10
91 39 10
91 40 10
91 41 8
91 42 1
91 43 2
91 44 9
91 45 2
91 46 5
91 47 5
91 48 8
91 49 9
91 50 10
91 51 10
91 52 9
91 53 10
91 54 3
91 55 4
91 56 3
91 57 3
91 58 10
91 59 4
91 60 5
91 61 1
91 62 5
91 63 3
91 64 9
91 65 1
91 66 8
91 67 8
91 68 5
91 69 2
91 70 10
91 71 3
91 72 10
91 73 6
91 74 6
91 75 10
91 76 6
91 77 1
91 78 5
91 79 2
91 80 9
91 81 6
91 82 2
91 83 1
91 84 4
91 85 9
91 86 7
91 87 7
91 88 1
91 89 10
91 90 3
91 92 9
91 93 4
91 94 10
91 95 2
91 96 9
91 97 10
91 98 7
91 99 1
92 0 10
92 1 10
92 2 7
92 3 9
92 4 6
92 5 1
92 6 3
92 7 10
92 8 1
92 9 1
92 10 4
92 11 8
92 12 8
92 13 2
92 14 3
92 15 10
92 16 4
92 17 3
92 18 6
92 19 4
92 20 10
92 21 9
92 22 9
92 23 10
92 24 4
92 25 7
92 26 1
92 27 10
92 28 5
92 29 5
92 30 6
92 31 9
92 32 5
92 33 10
92 34 2
92 35 5
92 36 5
92 37 5
92 38 3
92 39 2
92 40 4
92 41 2
92 42 2
92 43 7
92 44 7
92 45 10
92 46 6
92 47 3
92 48 8
92 49 6
92 50 8
92 51 6
92 52 7
92 53 9
92 54 5
92 55 9
92 56 7
92 57 9
92 58 1
92 59 3
92 60 7
92 61 8
92 62 10
92 63 1
92 64 4
92 65 4
92 66 2
92 67 2
92 68 7
92 69 5
92 70 8
92 71 7
92 72 6
92 73 6
92 74 1
92 75 5
92 76 4
92 77 8
92 78 2
92 79 10
92 80 1
92 81 5
92 82 10
92 83 5
92 84 6
92 85 7
92 86 1
92 87 10
92 88 10
92 89 10
92 90 8
92 91 8
92 93 10
92 94 5
92 95 5
92 96 5
92 97 4
92 98 3
92 99 2
93 0 10
93 1 1
93 2 8
93 3 6
93 4 6
93 5 10
93 6 10
93 7 10
93 8 5
93 9 3
93 10 8
93 11 1
93 12 2
93 13 3
93 14 5
93 15 9
93 16 10
93 17 7
93 18 9
93 19 8
93 20 6
93 21 3
93 22 3
93 23 9
93 24 2
93 25 4
93 26 8
93 27 6
93 28 9
93 29 5
93 30 10
93 31 6
93 32 7
93 33 5
93 34 8
93 35 2
93 36 3
93 37 2
93 38 9
93 39 10
93 40 8
93 41 9
93 42 2
93 43 6
93 44 3
93 45 3
93 46 1
93 47 2
93 48 9
93 49 8
93 50 3
93 51 8
93 52 7
93 53 6
93 54 4
93 55 4
93 56 6
93 57 8
93 58 10
93 59 2
93 60 6
93 61 3
93 62 5
93 63 6
93 64 5
93 65 8
93 66 3
93 67 3
93 68 5
93 69 1
93 70 6
93 71 1
93 72 4
93 73 6
93 74 10
93 75 1
93 76 1
93 77 4
93 78 4
93 79 9
93 80 8
93 81 7
93 82 2
93 83 3
93 84 10
93 85 9
93 86 10
93 87 7
93 88 8
93 89 8
93 90 4
93 91 3
93 92 1
93 94 2
93 95 4
93 96 1
93 97 10
93 98 3
93 99 8
94 0 7
94 1 1
94 2 2
94 3 9
94 4 3
94 5 2
94 6 3
94 7 2
94 8 1
94 9 2
94 10 6
94 11 9
94 12 7
94 13 5
94 14 7
94 15 3
94 16 8
94 17 3
94 18 2
94 19 4
94 20 5
94 21 5
94 22 2
94 23 3
94 24 2
94 25 6
94 26 9
94 27 1
94 28 8
94 29 6
94 30 2
94 31 5
94 32 6
94 33 6
94 34 6
94 35 4
94 36 2
94 37 10
94 38 2
94 39 4
94 40 9
94 41 5
94 42 7
94 43 5
94 44 10
94 45 10
94 46 4
94 47 9
94 48 6
94 49 7
94 50 4
94 51 6
94 52 8
94 53 8
94 54 10
94 55 9
94 56 2
94 57 10
94 58 1
94 59 7
94 60 5
94 61 2
94 62 9
94 63 5
94 64 1
94 65 4
94 66 3
94 67 2
94 68 2
94 69 9
94 70 5
94 71 2
94 72 10
94 73 2
94 74 6
94 75 8
94 76 6
94 77 1
94 78 9
94 79 6
94 80 5
94 81 5
94 82 4
94 83 5
94 84 2
94 85 4
94 86 1
94 87 7
94 88 6
94 89 1
94 90 1
94 91 4
94 92 8
94 93 7
94 95 1
94 96 1
94 97 5
94 98 1
94 99 7
95 0 5
95 1 8
95 2 5
95 3 6
95 4 10
95 5 8
95 6 2
95 7 6
95 8 1
95 9 5
95 10 8
95 11 3
95 12 6
95 13 7
95 14 5
95 15 5
95 16 10
95 17 2
95 18 4
95 19 10
95 20 1
95 21 10
95 22 3
95 23 10
95 24 8
95 25 4
95 26 4
95 27 4
95 28 10
95 29 10
95 30 9
95 31 3
95 32 6
95 33 1
95 34 7
95 35 7
95 36 6
95 37 1
95 38 9
95 39 4
95 40 1
95 41 2
95 42 10
95 43 4
95 44 1
95 45 3
95 46 1
95 47 7
95 48 7
95 49 7
95 50 5
95 51 2
95 52 8
95 53 1
95 54 9
95 55 8
95 56 10
95 57 3
95 58 10
95 59 6
95 60 7
95 61 7
95 62 6
95 63 10
95 64 8
95 65 7
95 66 6
95 67 10
95 68 4
95 69 9
95 70 6
95 71 5
95 72 7
95 73 3
95 74 10
95 75 2
95 76 4
95 77 2
95 78 10
95 79 2
95 80 10
95 81 2
95 82 7
95 83 8
95 84 1
95 85 2
95 86 8
95 87 9
95 88 8
95 89 1
95 90 10
95 91 7
95 92 3
95 93 1
95 94 9
95 96 3
95 97 2
95 98 2
95 99 5
96 0 8
96 1 7
96 2 2
96 3 6
96 4 8
96 5 2
96 6 4
96 7 1
96 8 10
96 9 4
96 10 10
96 11 10
96 12 2
96 13 7
96 14 8
96 15 7
96 16 10
96 17 5
96 18 6
96 19 2
96 20 5
96 21 10
96 22 9
96 23 5
96 24 7
96 25 4
96 26 7
96 27 4
96 28 1
96 29 10
96 30 6
96 31 2
96 32 1
96 33 7
96 34 8
96 35 7
96 36 9
96 37 1
96 38 10
96 39 6
96 40 5
96 41 10
96 42 9
96 43 2
96 44 5
96 45 6
96 46 7
96 47 4
96 48 8
96 49 1
96 50 9
96 51 8
96 52 8
96 53 3
96 54 5
96 55 3
96 56 4
96 57 4
96 58 2
96 59 3
96 60 3
96 61 2
96 62 9
96 63 8
96 64 7
96 65 2
96 66 2
96 67 6
96 68 2
96 69 6
96 70 2
96 71 10
96 72 10
96 73 6
96 74 5
96 75 4
96 76 7
96 77 7
96 78 5
96 79 7
96 80 10
96 81 9
96 82 9
96 83 9
96 84 10
96 85 1
96 86 9
96 87 4
96 88 1
96 89 9
96 90 9
96 91 4
96 92 8
96 93 4
96 94 5
96 95 8
96 97 3
96 98 3
96 99 10
97 0 3
97 1 8
97 2 8
97 3 8
97 4 5
97 5 7
97 6 4
97 7 2
97 8 10
97 9 5
97 10 8
97 11 7
97 12 10
97 13 10
97 14 5
97 15 7
97 16 9
97 17 8
97 18 3
97 19 7
97 20 1
97 21 8
97 22 3
97 23 3
97 24 4
97 25 9
97 26 7
97 27 2
97 28 10
97 29 3
97 30 7
97 31 5
97 32 9
97 33 6
97 34 8
97 35 2
97 36 9
97 37 10
97 38 5
97 39 4
97 40 5
97 41 2
97 42 9
97 43 2
97 44 6
97 45 7
97 46 7
97 47 6
97 48 6
97 49 6
97 50 8
97 51 3
97 52 3
97 53 7
97 54 6
97 55 6
97 56 4
97 57 2
97 58 2
97 59 3
97 60 1
97 61 4
97 62 7
97 63 1
97 64 9
97 65 1
97 66 4
97 67 4
97 68 6
97 69 9
97 70 5
97 71 7
97 72 9
97 73 8
97 74 3
97 75 8
97 76 5
97 77 9
97 78 9
97 79 1
97 80 1
97 81 9
97 82 7
97 83 10
97 84 2
97 85 5
97 86 6
97 87 4
97 88 5
97 89 5
97 90 2
97 91 7
97 92 1
97 93 9
97 94 9
97 95 3
97 96 2
97 98 7
97 99 8
98 0 8
98 1 2
98 2 6
98 3 3
98 4 10
98 5 8
98 6 8
98 7 6
98 8 3
98 9 8
98 10 7
98 11 4
98 12 5
98 13 10
98 14 5
98 15 2
98 16 1
98 17 7
98 18 5
98 19 10
98 20 2
98 21 2
98 22 6
98 23 2
98 24 9
98 25 7
98 26 8
98 27 10
98 28 5
98 29 7
98 30 4
98 31 1
98 32 10
98 33 3
98 34 6
98 35 10
98 36 2
98 37 9
98 38 1
98 39 7
98 40 6
98 41 6
98 42 9
98 43 9
98 44 3
98 45 2
98 46 6
98 47 8
98 48 5
98 49 1
98 50 4
98 51 2
98 52 4
98 53 2
98 54 9
98 55 5
98 56 5
98 57 5
98 58 6
98 59 5
98 60 5
98 61 8
98 62 4
98 63 10
98 64 7
98 65 2
98 66 2
98 67 9
98 68 7
98 69 10
98 70 5
98 71 1
98 72 3
98 73 3
98 74 8
98 75 3
98 76 8
98 77 2
98 78 2
98 79 3
98 80 10
98 81 5
98 82 9
98 83 7
98 84 10
98 85 6
98 86 8
98 87 8
98 88 7
98 89 9
98 90 2
98 91 6
98 92 6
98 93 10
98 94 4
98 95 4
98 96 1
98 97 3
98 99 10
99 0 9
99 1 9
99 2 5
99 3 7
99 4 7
99 5 8
99 6 2
99 7 5
99 8 8
99 9 3
99 10 5
99 11 6
99 12 2
99 13 4
99 14 4
99 15 8
99 16 5
99 17 4
99 18 6
99 19 4
99 20 10
99 21 2
99 22 2
99 23 9
99 24 5
99 25 2
99 26 2
99 27 9
99 28 1
99 29 9
99 30 8
99 31 2
99 32 2
99 33 3
99 34 1
99 35 8
99 36 5
99 37 2
99 38 3
99 39 10
99 40 6
99 41 6
99 42 4
99 43 5
99 44 4
99 45 10
99 46 3
99 47 1
99 48 1
99 49 3
99 50 10
99 51 2
99 52 3
99 53 5
99 54 10
99 55 2
99 56 3
99 57 7
99 58 3
99 59 5
99 60 9
99 61 4
99 62 3
99 63 1
99 64 5
99 65 7
99 66 2
99 67 7
99 68 9
99 69 7
99 70 10
99 71 1
99 72 8
99 73 5
99 74 9
99 75 4
99 76 1
99 77 3
99 78 1
99 79 2
99 80 1
99 81 7
99 82 6
99 83 2
99 84 3
99 85 6
99 86 6
99 87 10
99 88 9
99 89 1
99 90 2
99 91 2
99 92 3
99 93 5
99 94 7
99 95 2
99 96 5
99 97 8
99 98 2
